"play_id","half","time_remaining_half","secs_remaining","secs_remaining_absolute","description","home_score","away_score","score_diff","win_prob","home","away","home_time_out_remaining","away_time_out_remaining","home_timeout_ind","away_timeout_ind","home_favored_by","game_id","date"
1,1,"20:00",2400,2400,"PLAY",0,0,0,0.332943796850295,"Davidson","Rhode Island",4,4,0,0,-3.3,400918274,2017-02-03
2,1,"20:00",2400,2400,"Jump Ball won by Davidson",0,0,0,0.332943796850295,"Davidson","Rhode Island",4,4,0,0,-3.3,400918274,2017-02-03
3,1,"19:47",2387,2387,"Will Magarity missed Three Point Jumper.",0,0,0,0.338221339320443,"Davidson","Rhode Island",4,4,0,0,-3.3,400918274,2017-02-03
4,1,"19:47",2387,2387,"Kuran Iverson Defensive Rebound.",0,0,0,0.338221339320443,"Davidson","Rhode Island",4,4,0,0,-3.3,400918274,2017-02-03
5,1,"19:26",2366,2366,"Hassan Martin missed Jumper.",0,0,0,0.346078997441777,"Davidson","Rhode Island",4,4,0,0,-3.3,400918274,2017-02-03
6,1,"19:26",2366,2366,"Will Magarity Defensive Rebound.",0,0,0,0.346078997441777,"Davidson","Rhode Island",4,4,0,0,-3.3,400918274,2017-02-03
7,1,"19:04",2344,2344,"Will Magarity made Layup. Assisted by KiShawn Pritchett.",2,0,2,0.389162268073739,"Davidson","Rhode Island",4,4,0,0,-3.3,400918274,2017-02-03
8,1,"18:40",2320,2320,"Kuran Iverson missed Three Point Jumper.",2,0,2,0.418566046949607,"Davidson","Rhode Island",4,4,0,0,-3.3,400918274,2017-02-03
9,1,"18:40",2320,2320,"Jack Gibbs Defensive Rebound.",2,0,2,0.418566046949607,"Davidson","Rhode Island",4,4,0,0,-3.3,400918274,2017-02-03
10,1,"18:25",2305,2305,"Will Magarity Turnover.",2,0,2,0.39436025592605,"Davidson","Rhode Island",4,4,0,0,-3.3,400918274,2017-02-03
11,1,"18:12",2292,2292,"Foul on Will Magarity.",2,0,2,0.401517138762994,"Davidson","Rhode Island",4,4,0,0,-3.3,400918274,2017-02-03
12,1,"17:54",2274,2274,"Hassan Martin missed Jumper.",2,0,2,0.405373414920834,"Davidson","Rhode Island",4,4,0,0,-3.3,400918274,2017-02-03
13,1,"17:54",2274,2274,"Will Magarity Defensive Rebound.",2,0,2,0.405373414920834,"Davidson","Rhode Island",4,4,0,0,-3.3,400918274,2017-02-03
14,1,"17:29",2249,2249,"Foul on Jared Terrell.",2,0,2,0.421393745101735,"Davidson","Rhode Island",4,4,0,0,-3.3,400918274,2017-02-03
15,1,"17:29",2249,2249,"Jon Axel Gudmundsson made Free Throw.",3,0,3,0.444487997301132,"Davidson","Rhode Island",4,4,0,0,-3.3,400918274,2017-02-03
16,1,"17:29",2249,2249,"Jon Axel Gudmundsson made Free Throw.",4,0,4,0.467824578022781,"Davidson","Rhode Island",4,4,0,0,-3.3,400918274,2017-02-03
17,1,"17:11",2231,2231,"Foul on Jared Terrell.",4,0,4,0.462247153586271,"Davidson","Rhode Island",4,4,0,0,-3.3,400918274,2017-02-03
18,1,"17:11",2231,2231,"Jared Terrell Turnover.",4,0,4,0.462247153586271,"Davidson","Rhode Island",4,4,0,0,-3.3,400918274,2017-02-03
19,1,"16:46",2206,2206,"Andrew McAuliffe made Jumper.",6,0,6,0.524953343502621,"Davidson","Rhode Island",4,4,0,0,-3.3,400918274,2017-02-03
20,1,"16:25",2185,2185,"Kuran Iverson missed Three Point Jumper.",6,0,6,0.515845248417204,"Davidson","Rhode Island",4,4,0,0,-3.3,400918274,2017-02-03
21,1,"16:25",2185,2185,"KiShawn Pritchett Defensive Rebound.",6,0,6,0.515845248417204,"Davidson","Rhode Island",4,4,0,0,-3.3,400918274,2017-02-03
22,1,"16:15",2175,2175,"Jon Axel Gudmundsson missed Three Point Jumper.",6,0,6,0.508040792409371,"Davidson","Rhode Island",4,4,0,0,-3.3,400918274,2017-02-03
23,1,"16:15",2175,2175,"Hassan Martin Defensive Rebound.",6,0,6,0.508040792409371,"Davidson","Rhode Island",4,4,0,0,-3.3,400918274,2017-02-03
24,1,"16:02",2162,2162,"Jeff Dowtin made Jumper.",6,2,4,0.463252430229588,"Davidson","Rhode Island",4,4,0,0,-3.3,400918274,2017-02-03
25,1,"15:53",2153,2153,"Foul on Jeff Dowtin.",6,2,4,0.457675485051048,"Davidson","Rhode Island",4,4,0,0,-3.3,400918274,2017-02-03
26,1,"15:53",2153,2153,"Official TV Timeout",6,2,4,0.457675485051048,"Davidson","Rhode Island",4,4,0,0,-3.3,400918274,2017-02-03
27,1,"15:32",2132,2132,"Will Magarity missed Three Point Jumper.",6,2,4,0.467675440243888,"Davidson","Rhode Island",4,4,0,0,-3.3,400918274,2017-02-03
28,1,"15:32",2132,2132,"Hassan Martin Defensive Rebound.",6,2,4,0.467675440243888,"Davidson","Rhode Island",4,4,0,0,-3.3,400918274,2017-02-03
29,1,"15:19",2119,2119,"Hassan Martin missed Layup.",6,2,4,0.451740561106566,"Davidson","Rhode Island",4,4,0,0,-3.3,400918274,2017-02-03
30,1,"15:19",2119,2119,"Will Magarity Block.",6,2,4,0.451740561106566,"Davidson","Rhode Island",4,4,0,0,-3.3,400918274,2017-02-03
31,1,"15:19",2119,2119,"Davidson Defensive Rebound.",6,2,4,0.451740561106566,"Davidson","Rhode Island",4,4,0,0,-3.3,400918274,2017-02-03
32,1,"14:59",2099,2099,"Foul on Stanford Robinson.",6,2,4,0.47851393799484,"Davidson","Rhode Island",4,4,0,0,-3.3,400918274,2017-02-03
33,1,"14:56",2096,2096,"Peyton Aldridge missed Jumper.",6,2,4,0.47851393799484,"Davidson","Rhode Island",4,4,0,0,-3.3,400918274,2017-02-03
34,1,"14:56",2096,2096,"E.C. Matthews Defensive Rebound.",6,2,4,0.47851393799484,"Davidson","Rhode Island",4,4,0,0,-3.3,400918274,2017-02-03
35,1,"14:41",2081,2081,"Nicola Akele missed Jumper.",6,2,4,0.475184428889202,"Davidson","Rhode Island",4,4,0,0,-3.3,400918274,2017-02-03
36,1,"14:41",2081,2081,"KiShawn Pritchett Defensive Rebound.",6,2,4,0.475184428889202,"Davidson","Rhode Island",4,4,0,0,-3.3,400918274,2017-02-03
37,1,"14:31",2071,2071,"KiShawn Pritchett missed Layup.",6,2,4,0.445224833508143,"Davidson","Rhode Island",4,4,0,0,-3.3,400918274,2017-02-03
38,1,"14:31",2071,2071,"Peyton Aldridge Offensive Rebound.",6,2,4,0.445224833508143,"Davidson","Rhode Island",4,4,0,0,-3.3,400918274,2017-02-03
39,1,"14:27",2067,2067,"Peyton Aldridge made Jumper.",8,2,6,0.522447611947921,"Davidson","Rhode Island",4,4,0,0,-3.3,400918274,2017-02-03
40,1,"14:27",2067,2067,"Foul on Nicola Akele.",8,2,6,0.522447611947921,"Davidson","Rhode Island",4,4,0,0,-3.3,400918274,2017-02-03
41,1,"14:27",2067,2067,"Peyton Aldridge made Free Throw.",9,2,7,0.552375578628037,"Davidson","Rhode Island",4,4,0,0,-3.3,400918274,2017-02-03
42,1,"14:06",2046,2046,"Foul on Andrew McAuliffe.",9,2,7,0.532053737793122,"Davidson","Rhode Island",4,4,0,0,-3.3,400918274,2017-02-03
43,1,"13:57",2037,2037,"Jeff Dowtin made Layup.",9,4,5,0.490030921231112,"Davidson","Rhode Island",4,4,0,0,-3.3,400918274,2017-02-03
44,1,"13:36",2016,2016,"Foul on Cyril Langevine.",9,4,5,0.503509359290034,"Davidson","Rhode Island",4,4,0,0,-3.3,400918274,2017-02-03
45,1,"13:36",2016,2016,"Andrew McAuliffe missed Free Throw.",9,4,5,0.503509359290034,"Davidson","Rhode Island",4,4,0,0,-3.3,400918274,2017-02-03
46,1,"13:36",2016,2016,"Davidson Deadball Team Rebound.",9,4,5,0.503509359290034,"Davidson","Rhode Island",4,4,0,0,-3.3,400918274,2017-02-03
47,1,"13:36",2016,2016,"Andrew McAuliffe made Free Throw.",10,4,6,0.5323655436944,"Davidson","Rhode Island",4,4,0,0,-3.3,400918274,2017-02-03
48,1,"13:28",2008,2008,"Hassan Martin made Jumper. Assisted by Jeff Dowtin.",10,6,4,0.459116467004364,"Davidson","Rhode Island",4,4,0,0,-3.3,400918274,2017-02-03
49,1,"13:12",1992,1992,"Foul on Andrew McAuliffe.",10,6,4,0.479523921867353,"Davidson","Rhode Island",4,4,0,0,-3.3,400918274,2017-02-03
50,1,"13:12",1992,1992,"Andrew McAuliffe Turnover.",10,6,4,0.479523921867353,"Davidson","Rhode Island",4,4,0,0,-3.3,400918274,2017-02-03
51,1,"12:58",1978,1978,"Hassan Martin missed Layup.",10,6,4,0.474507678289575,"Davidson","Rhode Island",4,4,0,0,-3.3,400918274,2017-02-03
52,1,"12:58",1978,1978,"Andrew McAuliffe Block.",10,6,4,0.474507678289575,"Davidson","Rhode Island",4,4,0,0,-3.3,400918274,2017-02-03
53,1,"12:58",1978,1978,"Oskar Michelsen Defensive Rebound.",10,6,4,0.474507678289575,"Davidson","Rhode Island",4,4,0,0,-3.3,400918274,2017-02-03
54,1,"12:29",1949,1949,"Foul on Andrew McAuliffe.",10,6,4,0.478988782768757,"Davidson","Rhode Island",4,4,0,0,-3.3,400918274,2017-02-03
55,1,"12:29",1949,1949,"Andrew McAuliffe Turnover.",10,6,4,0.478988782768757,"Davidson","Rhode Island",4,4,0,0,-3.3,400918274,2017-02-03
56,1,"12:19",1939,1939,"Christion Thompson missed Layup.",10,6,4,0.476498493037579,"Davidson","Rhode Island",4,4,0,0,-3.3,400918274,2017-02-03
57,1,"12:19",1939,1939,"Peyton Aldridge Block.",10,6,4,0.476498493037579,"Davidson","Rhode Island",4,4,0,0,-3.3,400918274,2017-02-03
58,1,"12:19",1939,1939,"Rusty Reigel Defensive Rebound.",10,6,4,0.476498493037579,"Davidson","Rhode Island",4,4,0,0,-3.3,400918274,2017-02-03
59,1,"12:12",1932,1932,"Rusty Reigel missed Layup.",10,6,4,0.476498493037579,"Davidson","Rhode Island",4,4,0,0,-3.3,400918274,2017-02-03
60,1,"12:12",1932,1932,"Kuran Iverson Defensive Rebound.",10,6,4,0.476498493037579,"Davidson","Rhode Island",4,4,0,0,-3.3,400918274,2017-02-03
61,1,"12:07",1927,1927,"Stanford Robinson missed Layup.",10,6,4,0.457151799296383,"Davidson","Rhode Island",4,4,0,0,-3.3,400918274,2017-02-03
62,1,"12:07",1927,1927,"Peyton Aldridge Defensive Rebound.",10,6,4,0.457151799296383,"Davidson","Rhode Island",4,4,0,0,-3.3,400918274,2017-02-03
63,1,"11:56",1916,1916,"Jack Gibbs missed Three Point Jumper.",10,6,4,0.504724244317947,"Davidson","Rhode Island",4,4,0,0,-3.3,400918274,2017-02-03
64,1,"11:56",1916,1916,"Jeff Dowtin Defensive Rebound.",10,6,4,0.504724244317947,"Davidson","Rhode Island",4,4,0,0,-3.3,400918274,2017-02-03
65,1,"11:34",1894,1894,"Jeff Dowtin made Three Point Jumper. Assisted by Hassan Martin.",10,9,1,0.40540347410679,"Davidson","Rhode Island",4,4,0,0,-3.3,400918274,2017-02-03
66,1,"11:11",1871,1871,"Peyton Aldridge missed Layup.",10,9,1,0.387356889971687,"Davidson","Rhode Island",4,4,0,0,-3.3,400918274,2017-02-03
67,1,"11:11",1871,1871,"Kuran Iverson Block.",10,9,1,0.387356889971687,"Davidson","Rhode Island",4,4,0,0,-3.3,400918274,2017-02-03
68,1,"11:11",1871,1871,"Davidson Offensive Rebound.",10,9,1,0.387356889971687,"Davidson","Rhode Island",4,4,0,0,-3.3,400918274,2017-02-03
69,1,"11:05",1865,1865,"Official TV Timeout",10,9,1,0.417847386917005,"Davidson","Rhode Island",4,4,0,0,-3.3,400918274,2017-02-03
70,1,"11:01",1861,1861,"KiShawn Pritchett missed Three Point Jumper.",10,9,1,0.417847386917005,"Davidson","Rhode Island",4,4,0,0,-3.3,400918274,2017-02-03
71,1,"11:01",1861,1861,"Kuran Iverson Defensive Rebound.",10,9,1,0.417847386917005,"Davidson","Rhode Island",4,4,0,0,-3.3,400918274,2017-02-03
72,1,"10:45",1845,1845,"Hassan Martin made Layup. Assisted by Kuran Iverson.",10,11,-1,0.311865695692658,"Davidson","Rhode Island",4,4,0,0,-3.3,400918274,2017-02-03
73,1,"10:13",1813,1813,"Foul on Christion Thompson.",10,11,-1,0.336739186512691,"Davidson","Rhode Island",4,4,0,0,-3.3,400918274,2017-02-03
74,1,"10:13",1813,1813,"Jack Gibbs made Free Throw.",11,11,0,0.368565249983595,"Davidson","Rhode Island",4,4,0,0,-3.3,400918274,2017-02-03
75,1,"10:13",1813,1813,"Jack Gibbs made Free Throw.",12,11,1,0.401578073536466,"Davidson","Rhode Island",4,4,0,0,-3.3,400918274,2017-02-03
76,1,"10:13",1813,1813,"Jack Gibbs made Free Throw.",13,11,2,0.435508416557749,"Davidson","Rhode Island",4,4,0,0,-3.3,400918274,2017-02-03
77,1,"10:01",1801,1801,"E.C. Matthews missed Jumper.",13,11,2,0.416260547552317,"Davidson","Rhode Island",4,4,0,0,-3.3,400918274,2017-02-03
78,1,"10:01",1801,1801,"Kuran Iverson Offensive Rebound.",13,11,2,0.416260547552317,"Davidson","Rhode Island",4,4,0,0,-3.3,400918274,2017-02-03
79,1,"9:53",1793,1793,"E.C. Matthews made Three Point Jumper. Assisted by Hassan Martin.",13,14,-1,0.330517780971404,"Davidson","Rhode Island",4,4,0,0,-3.3,400918274,2017-02-03
80,1,"9:36",1776,1776,"Jon Axel Gudmundsson made Layup. Assisted by Peyton Aldridge.",15,14,1,0.376951403620903,"Davidson","Rhode Island",4,4,0,0,-3.3,400918274,2017-02-03
81,1,"9:16",1756,1756,"Jeff Dowtin missed Jumper.",15,14,1,0.35839825722805,"Davidson","Rhode Island",4,4,0,0,-3.3,400918274,2017-02-03
82,1,"9:16",1756,1756,"Will Magarity Defensive Rebound.",15,14,1,0.35839825722805,"Davidson","Rhode Island",4,4,0,0,-3.3,400918274,2017-02-03
83,1,"8:59",1739,1739,"Jack Gibbs made Three Point Jumper. Assisted by KiShawn Pritchett.",18,14,4,0.496926619038834,"Davidson","Rhode Island",4,4,0,0,-3.3,400918274,2017-02-03
84,1,"8:35",1715,1715,"Hassan Martin missed Jumper.",18,14,4,0.489276789483414,"Davidson","Rhode Island",4,4,0,0,-3.3,400918274,2017-02-03
85,1,"8:35",1715,1715,"Jon Axel Gudmundsson Defensive Rebound.",18,14,4,0.489276789483414,"Davidson","Rhode Island",4,4,0,0,-3.3,400918274,2017-02-03
86,1,"8:24",1704,1704,"KiShawn Pritchett missed Three Point Jumper.",18,14,4,0.477849389182365,"Davidson","Rhode Island",4,4,0,0,-3.3,400918274,2017-02-03
87,1,"8:24",1704,1704,"Peyton Aldridge Offensive Rebound.",18,14,4,0.477849389182365,"Davidson","Rhode Island",4,4,0,0,-3.3,400918274,2017-02-03
88,1,"8:24",1704,1704,"Peyton Aldridge missed Layup.",18,14,4,0.477849389182365,"Davidson","Rhode Island",4,4,0,0,-3.3,400918274,2017-02-03
89,1,"8:24",1704,1704,"Rhode Island Defensive Rebound.",18,14,4,0.477849389182365,"Davidson","Rhode Island",4,4,0,0,-3.3,400918274,2017-02-03
90,1,"8:06",1686,1686,"Foul on Nicola Akele.",18,14,4,0.499159817435731,"Davidson","Rhode Island",4,4,0,0,-3.3,400918274,2017-02-03
91,1,"8:06",1686,1686,"Nicola Akele Turnover.",18,14,4,0.499159817435731,"Davidson","Rhode Island",4,4,0,0,-3.3,400918274,2017-02-03
92,1,"8:03",1683,1683,"KiShawn Pritchett Turnover.",18,14,4,0.499159817435731,"Davidson","Rhode Island",4,4,0,0,-3.3,400918274,2017-02-03
93,1,"8:03",1683,1683,"Stanford Robinson Steal.",18,14,4,0.499159817435731,"Davidson","Rhode Island",4,4,0,0,-3.3,400918274,2017-02-03
94,1,"7:59",1679,1679,"Stanford Robinson made Dunk.",18,16,2,0.434281483652629,"Davidson","Rhode Island",4,4,0,0,-3.3,400918274,2017-02-03
95,1,"7:46",1666,1666,"Foul on Stanford Robinson.",18,16,2,0.427073920162921,"Davidson","Rhode Island",4,4,0,0,-3.3,400918274,2017-02-03
96,1,"7:46",1666,1666,"Official TV Timeout",18,16,2,0.427073920162921,"Davidson","Rhode Island",4,4,0,0,-3.3,400918274,2017-02-03
97,1,"7:46",1666,1666,"Jack Gibbs missed Free Throw.",18,16,2,0.427073920162921,"Davidson","Rhode Island",4,4,0,0,-3.3,400918274,2017-02-03
98,1,"7:46",1666,1666,"Kuran Iverson Defensive Rebound.",18,16,2,0.427073920162921,"Davidson","Rhode Island",4,4,0,0,-3.3,400918274,2017-02-03
99,1,"7:26",1646,1646,"Foul on Peyton Aldridge.",18,16,2,0.441934175100274,"Davidson","Rhode Island",4,4,0,0,-3.3,400918274,2017-02-03
100,1,"7:26",1646,1646,"Kuran Iverson missed Free Throw.",18,16,2,0.441934175100274,"Davidson","Rhode Island",4,4,0,0,-3.3,400918274,2017-02-03
101,1,"7:26",1646,1646,"Rhode Island Deadball Team Rebound.",18,16,2,0.441934175100274,"Davidson","Rhode Island",4,4,0,0,-3.3,400918274,2017-02-03
102,1,"7:26",1646,1646,"Kuran Iverson missed Free Throw.",18,16,2,0.441934175100274,"Davidson","Rhode Island",4,4,0,0,-3.3,400918274,2017-02-03
103,1,"7:26",1646,1646,"Stanford Robinson Offensive Rebound.",18,16,2,0.441934175100274,"Davidson","Rhode Island",4,4,0,0,-3.3,400918274,2017-02-03
104,1,"7:24",1644,1644,"Jeff Dowtin missed Three Point Jumper.",18,16,2,0.441934175100274,"Davidson","Rhode Island",4,4,0,0,-3.3,400918274,2017-02-03
105,1,"7:24",1644,1644,"Cyril Langevine Offensive Rebound.",18,16,2,0.441934175100274,"Davidson","Rhode Island",4,4,0,0,-3.3,400918274,2017-02-03
106,1,"7:20",1640,1640,"Jump Ball won by Rhode Island",18,16,2,0.441934175100274,"Davidson","Rhode Island",4,4,0,0,-3.3,400918274,2017-02-03
107,1,"7:19",1639,1639,"E.C. Matthews made Jumper.",18,18,0,0.383807525307808,"Davidson","Rhode Island",4,4,0,0,-3.3,400918274,2017-02-03
108,1,"6:45",1605,1605,"Jack Gibbs missed Jumper.",18,18,0,0.354583892887984,"Davidson","Rhode Island",4,4,0,0,-3.3,400918274,2017-02-03
109,1,"6:45",1605,1605,"Kuran Iverson Defensive Rebound.",18,18,0,0.354583892887984,"Davidson","Rhode Island",4,4,0,0,-3.3,400918274,2017-02-03
110,1,"6:37",1597,1597,"Foul on Jack Gibbs.",18,18,0,0.393771935290536,"Davidson","Rhode Island",4,4,0,0,-3.3,400918274,2017-02-03
111,1,"6:18",1578,1578,"Cyril Langevine Turnover.",18,18,0,0.37416814563827,"Davidson","Rhode Island",4,4,0,0,-3.3,400918274,2017-02-03
112,1,"6:05",1565,1565,"Peyton Aldridge made Layup. Assisted by Will Magarity.",20,18,2,0.425112835845425,"Davidson","Rhode Island",4,4,0,0,-3.3,400918274,2017-02-03
113,1,"5:48",1548,1548,"Jeff Dowtin made Three Point Jumper. Assisted by E.C. Matthews.",20,21,-1,0.338589609714621,"Davidson","Rhode Island",4,4,0,0,-3.3,400918274,2017-02-03
114,1,"5:34",1534,1534,"Foul on Stanford Robinson.",20,21,-1,0.33976934387038,"Davidson","Rhode Island",4,4,0,0,-3.3,400918274,2017-02-03
115,1,"5:34",1534,1534,"Jack Gibbs made Free Throw.",21,21,0,0.371733032294179,"Davidson","Rhode Island",4,4,0,0,-3.3,400918274,2017-02-03
116,1,"5:34",1534,1534,"Jack Gibbs made Free Throw.",22,21,1,0.404859789103287,"Davidson","Rhode Island",4,4,0,0,-3.3,400918274,2017-02-03
117,1,"5:24",1524,1524,"E.C. Matthews made Three Point Jumper. Assisted by Jeff Dowtin.",22,24,-2,0.311795445165994,"Davidson","Rhode Island",4,4,0,0,-3.3,400918274,2017-02-03
118,1,"4:59",1499,1499,"Jon Axel Gudmundsson missed Three Point Jumper.",22,24,-2,0.331723043185154,"Davidson","Rhode Island",4,4,0,0,-3.3,400918274,2017-02-03
119,1,"4:59",1499,1499,"Will Magarity Offensive Rebound.",22,24,-2,0.331723043185154,"Davidson","Rhode Island",4,4,0,0,-3.3,400918274,2017-02-03
120,1,"4:53",1493,1493,"Foul on Hassan Martin.",22,24,-2,0.331723043185154,"Davidson","Rhode Island",4,4,0,0,-3.3,400918274,2017-02-03
121,1,"4:53",1493,1493,"Will Magarity made Free Throw.",23,24,-1,0.363339923011282,"Davidson","Rhode Island",4,4,0,0,-3.3,400918274,2017-02-03
122,1,"4:53",1493,1493,"Will Magarity made Free Throw.",24,24,0,0.3961837436112,"Davidson","Rhode Island",4,4,0,0,-3.3,400918274,2017-02-03
123,1,"4:48",1488,1488,"E.C. Matthews made Layup.",24,26,-2,0.296423053429855,"Davidson","Rhode Island",4,4,0,0,-3.3,400918274,2017-02-03
124,1,"4:48",1488,1488,"Foul on Will Magarity.",24,26,-2,0.296423053429855,"Davidson","Rhode Island",4,4,0,0,-3.3,400918274,2017-02-03
125,1,"4:48",1488,1488,"E.C. Matthews missed Free Throw.",24,26,-2,0.296423053429855,"Davidson","Rhode Island",4,4,0,0,-3.3,400918274,2017-02-03
126,1,"4:48",1488,1488,"Peyton Aldridge Defensive Rebound.",24,26,-2,0.296423053429855,"Davidson","Rhode Island",4,4,0,0,-3.3,400918274,2017-02-03
127,1,"4:28",1468,1468,"Rusty Reigel made Layup. Assisted by Jon Axel Gudmundsson.",26,26,0,0.40431194895974,"Davidson","Rhode Island",4,4,0,0,-3.3,400918274,2017-02-03
128,1,"4:04",1444,1444,"Hassan Martin Turnover.",26,26,0,0.400763435130179,"Davidson","Rhode Island",4,4,0,0,-3.3,400918274,2017-02-03
129,1,"3:56",1436,1436,"Rusty Reigel missed Three Point Jumper.",26,26,0,0.396655990705318,"Davidson","Rhode Island",4,4,0,0,-3.3,400918274,2017-02-03
130,1,"3:56",1436,1436,"Kuran Iverson Defensive Rebound.",26,26,0,0.396655990705318,"Davidson","Rhode Island",4,4,0,0,-3.3,400918274,2017-02-03
131,1,"3:34",1414,1414,"E.C. Matthews missed Jumper.",26,26,0,0.381270645882984,"Davidson","Rhode Island",4,4,0,0,-3.3,400918274,2017-02-03
132,1,"3:34",1414,1414,"Christion Thompson Offensive Rebound.",26,26,0,0.381270645882984,"Davidson","Rhode Island",4,4,0,0,-3.3,400918274,2017-02-03
133,1,"3:30",1410,1410,"E.C. Matthews missed Three Point Jumper.",26,26,0,0.381270645882984,"Davidson","Rhode Island",4,4,0,0,-3.3,400918274,2017-02-03
134,1,"3:30",1410,1410,"Jack Gibbs Defensive Rebound.",26,26,0,0.381270645882984,"Davidson","Rhode Island",4,4,0,0,-3.3,400918274,2017-02-03
135,1,"3:21",1401,1401,"Oskar Michelsen made Layup. Assisted by Jack Gibbs.",28,26,2,0.464356489078934,"Davidson","Rhode Island",4,4,0,0,-3.3,400918274,2017-02-03
136,1,"2:57",1377,1377,"Christion Thompson missed Jumper.",28,26,2,0.430325034412634,"Davidson","Rhode Island",4,4,0,0,-3.3,400918274,2017-02-03
137,1,"2:57",1377,1377,"Oskar Michelsen Defensive Rebound.",28,26,2,0.430325034412634,"Davidson","Rhode Island",4,4,0,0,-3.3,400918274,2017-02-03
138,1,"2:43",1363,1363,"Jon Axel Gudmundsson made Layup.",30,26,4,0.531736540210425,"Davidson","Rhode Island",4,4,0,0,-3.3,400918274,2017-02-03
139,1,"2:28",1348,1348,"Rhode Island  Timeout",30,26,4,0.537308280847342,"Davidson","Rhode Island",3,4,1,0,-3.3,400918274,2017-02-03
140,1,"2:11",1331,1331,"Jared Terrell made Layup.",30,28,2,0.444974580781652,"Davidson","Rhode Island",3,4,1,0,-3.3,400918274,2017-02-03
141,1,"2:11",1331,1331,"Foul on Jack Gibbs.",30,28,2,0.444974580781652,"Davidson","Rhode Island",3,4,1,0,-3.3,400918274,2017-02-03
142,1,"2:11",1331,1331,"Jared Terrell made Free Throw.",30,29,1,0.406954518667406,"Davidson","Rhode Island",3,4,1,0,-3.3,400918274,2017-02-03
143,1,"2:05",1325,1325,"Oskar Michelsen Turnover.",30,29,1,0.416853609113497,"Davidson","Rhode Island",3,4,1,0,-3.3,400918274,2017-02-03
144,1,"2:05",1325,1325,"Christion Thompson Steal.",30,29,1,0.416853609113497,"Davidson","Rhode Island",3,4,1,0,-3.3,400918274,2017-02-03
145,1,"2:02",1322,1322,"Foul on Oskar Michelsen.",30,29,1,0.416853609113497,"Davidson","Rhode Island",3,4,1,0,-3.3,400918274,2017-02-03
146,1,"2:02",1322,1322,"Hassan Martin missed Free Throw.",30,29,1,0.416853609113497,"Davidson","Rhode Island",3,4,1,0,-3.3,400918274,2017-02-03
147,1,"2:02",1322,1322,"Rhode Island Deadball Team Rebound.",30,29,1,0.416853609113497,"Davidson","Rhode Island",3,4,1,0,-3.3,400918274,2017-02-03
148,1,"2:02",1322,1322,"Hassan Martin made Free Throw.",30,30,0,0.379114501938494,"Davidson","Rhode Island",3,4,1,0,-3.3,400918274,2017-02-03
149,1,"1:52",1312,1312,"KiShawn Pritchett made Three Point Jumper. Assisted by Jon Axel Gudmundsson.",33,30,3,0.520404014323365,"Davidson","Rhode Island",3,4,1,0,-3.3,400918274,2017-02-03
150,1,"1:33",1293,1293,"Christion Thompson missed Three Point Jumper.",33,30,3,0.543990524480693,"Davidson","Rhode Island",3,4,1,0,-3.3,400918274,2017-02-03
151,1,"1:33",1293,1293,"Jon Axel Gudmundsson Defensive Rebound.",33,30,3,0.543990524480693,"Davidson","Rhode Island",3,4,1,0,-3.3,400918274,2017-02-03
152,1,"1:12",1272,1272,"KiShawn Pritchett missed Jumper.",33,30,3,0.472903196928887,"Davidson","Rhode Island",3,4,0,0,-3.3,400918274,2017-02-03
153,1,"1:12",1272,1272,"Christion Thompson Defensive Rebound.",33,30,3,0.472903196928887,"Davidson","Rhode Island",3,4,0,0,-3.3,400918274,2017-02-03
154,1,"1:00",1260,1260,"Jeff Dowtin made Layup.",33,32,1,0.433289494245531,"Davidson","Rhode Island",3,4,0,0,-3.3,400918274,2017-02-03
155,1,"0:37",1237,1237,"Jon Axel Gudmundsson missed Three Point Jumper.",33,32,1,0.420995939428501,"Davidson","Rhode Island",3,4,0,0,-3.3,400918274,2017-02-03
156,1,"0:37",1237,1237,"Hassan Martin Defensive Rebound.",33,32,1,0.420995939428501,"Davidson","Rhode Island",3,4,0,0,-3.3,400918274,2017-02-03
157,1,"0:04",1204,1204,"Foul on Peyton Aldridge.",33,32,1,0.421343396490643,"Davidson","Rhode Island",3,4,0,1,-3.3,400918274,2017-02-03
158,1,"0:04",1204,1204,"Jared Terrell made Free Throw.",33,33,0,0.383076194041567,"Davidson","Rhode Island",3,4,0,1,-3.3,400918274,2017-02-03
159,1,"0:04",1204,1204,"Jared Terrell made Free Throw.",33,34,-1,0.346205130484025,"Davidson","Rhode Island",3,4,0,1,-3.3,400918274,2017-02-03
160,1,"0:04",1204,1204,"Davidson  Timeout",33,34,-1,0.346205130484025,"Davidson","Rhode Island",3,3,0,1,-3.3,400918274,2017-02-03
161,1,"0:01",1201,1201,"Jon Axel Gudmundsson missed Layup.",33,34,-1,0.346205130484025,"Davidson","Rhode Island",3,3,0,1,-3.3,400918274,2017-02-03
162,1,"0:01",1201,1201,"E.C. Matthews Block.",33,34,-1,0.346205130484025,"Davidson","Rhode Island",3,3,0,1,-3.3,400918274,2017-02-03
163,1,"0:01",1201,1201,"Rhode Island Defensive Rebound.",33,34,-1,0.346205130484025,"Davidson","Rhode Island",3,3,0,1,-3.3,400918274,2017-02-03
164,1,"0:00",1200,1200,"End of 1st half",33,34,-1,0.346205130484025,"Davidson","Rhode Island",3,3,0,1,-3.3,400918274,2017-02-03
165,2,"20:00",1200,1200,"PLAY",33,34,-1,0.346205130484025,"Davidson","Rhode Island",4,4,0,0,-3.3,400918274,2017-02-03
166,2,"20:00",1200,1200,"Jump Ball won by Davidson",33,34,-1,0.346205130484025,"Davidson","Rhode Island",4,4,0,0,-3.3,400918274,2017-02-03
167,2,"19:47",1187,1187,"Foul on E.C. Matthews.",33,34,-1,0.343232680272308,"Davidson","Rhode Island",4,4,0,0,-3.3,400918274,2017-02-03
168,2,"19:47",1187,1187,"KiShawn Pritchett made Free Throw.",34,34,0,0.381455287227826,"Davidson","Rhode Island",4,4,0,0,-3.3,400918274,2017-02-03
169,2,"19:47",1187,1187,"KiShawn Pritchett missed Free Throw.",34,34,0,0.381455287227826,"Davidson","Rhode Island",4,4,0,0,-3.3,400918274,2017-02-03
170,2,"19:47",1187,1187,"Kuran Iverson Defensive Rebound.",34,34,0,0.381455287227826,"Davidson","Rhode Island",4,4,0,0,-3.3,400918274,2017-02-03
171,2,"19:22",1162,1162,"Kuran Iverson missed Three Point Jumper.",34,34,0,0.358957521271746,"Davidson","Rhode Island",4,4,0,0,-3.3,400918274,2017-02-03
172,2,"19:22",1162,1162,"Jack Gibbs Defensive Rebound.",34,34,0,0.358957521271746,"Davidson","Rhode Island",4,4,0,0,-3.3,400918274,2017-02-03
173,2,"18:59",1139,1139,"Foul on E.C. Matthews.",34,34,0,0.389383754673033,"Davidson","Rhode Island",4,4,0,0,-3.3,400918274,2017-02-03
174,2,"18:45",1125,1125,"Will Magarity made Three Point Jumper. Assisted by Peyton Aldridge.",37,34,3,0.519102004752944,"Davidson","Rhode Island",4,4,0,0,-3.3,400918274,2017-02-03
175,2,"18:22",1102,1102,"Jared Terrell made Layup.",37,36,1,0.422270997989793,"Davidson","Rhode Island",4,4,0,0,-3.3,400918274,2017-02-03
176,2,"18:14",1094,1094,"Will Magarity made Layup. Assisted by Jack Gibbs.",39,36,3,0.522126739115357,"Davidson","Rhode Island",4,4,0,0,-3.3,400918274,2017-02-03
177,2,"17:56",1076,1076,"Hassan Martin missed Jumper.",39,36,3,0.537201199579915,"Davidson","Rhode Island",4,4,0,0,-3.3,400918274,2017-02-03
178,2,"17:56",1076,1076,"Will Magarity Defensive Rebound.",39,36,3,0.537201199579915,"Davidson","Rhode Island",4,4,0,0,-3.3,400918274,2017-02-03
179,2,"17:39",1059,1059,"Foul on Hassan Martin.",39,36,3,0.535869628228538,"Davidson","Rhode Island",4,4,0,0,-3.3,400918274,2017-02-03
180,2,"17:10",1030,1030,"Foul on Jared Terrell.",39,36,3,0.510012389617676,"Davidson","Rhode Island",4,4,0,0,-3.3,400918274,2017-02-03
181,2,"17:10",1030,1030,"Jon Axel Gudmundsson made Free Throw.",40,36,4,0.552702085409442,"Davidson","Rhode Island",4,4,0,0,-3.3,400918274,2017-02-03
182,2,"17:10",1030,1030,"Jon Axel Gudmundsson missed Free Throw.",40,36,4,0.552702085409442,"Davidson","Rhode Island",4,4,0,0,-3.3,400918274,2017-02-03
183,2,"17:10",1030,1030,"Kuran Iverson Defensive Rebound.",40,36,4,0.552702085409442,"Davidson","Rhode Island",4,4,0,0,-3.3,400918274,2017-02-03
184,2,"16:59",1019,1019,"Foul on Rusty Reigel.",40,36,4,0.553307409124203,"Davidson","Rhode Island",4,4,0,0,-3.3,400918274,2017-02-03
185,2,"16:54",1014,1014,"E.C. Matthews missed Jumper.",40,36,4,0.553307409124203,"Davidson","Rhode Island",4,4,0,0,-3.3,400918274,2017-02-03
186,2,"16:54",1014,1014,"Rusty Reigel Defensive Rebound.",40,36,4,0.553307409124203,"Davidson","Rhode Island",4,4,0,0,-3.3,400918274,2017-02-03
187,2,"16:51",1011,1011,"Foul on Kuran Iverson.",40,36,4,0.553307409124203,"Davidson","Rhode Island",4,4,0,0,-3.3,400918274,2017-02-03
188,2,"16:33",993,993,"Jack Gibbs missed Three Point Jumper.",40,36,4,0.556300202443899,"Davidson","Rhode Island",4,4,0,0,-3.3,400918274,2017-02-03
189,2,"16:33",993,993,"E.C. Matthews Defensive Rebound.",40,36,4,0.556300202443899,"Davidson","Rhode Island",4,4,0,0,-3.3,400918274,2017-02-03
190,2,"16:27",987,987,"Foul on Jon Axel Gudmundsson.",40,36,4,0.621979125218115,"Davidson","Rhode Island",4,4,0,0,-3.3,400918274,2017-02-03
191,2,"16:11",971,971,"Kuran Iverson Turnover.",40,36,4,0.581569538330785,"Davidson","Rhode Island",4,4,0,0,-3.3,400918274,2017-02-03
192,2,"15:56",956,956,"Peyton Aldridge Turnover.",40,36,4,0.560578083660297,"Davidson","Rhode Island",4,4,0,0,-3.3,400918274,2017-02-03
193,2,"15:56",956,956,"Kuran Iverson Steal.",40,36,4,0.560578083660297,"Davidson","Rhode Island",4,4,0,0,-3.3,400918274,2017-02-03
194,2,"15:45",945,945,"Foul on Jeff Dowtin.",40,36,4,0.601239514567174,"Davidson","Rhode Island",4,4,0,0,-3.3,400918274,2017-02-03
195,2,"15:45",945,945,"Jeff Dowtin Turnover.",40,36,4,0.601239514567174,"Davidson","Rhode Island",4,4,0,0,-3.3,400918274,2017-02-03
196,2,"15:45",945,945,"Official TV Timeout",40,36,4,0.601239514567174,"Davidson","Rhode Island",4,4,0,0,-3.3,400918274,2017-02-03
197,2,"15:31",931,931,"Peyton Aldridge Turnover.",40,36,4,0.588894100976572,"Davidson","Rhode Island",4,4,0,0,-3.3,400918274,2017-02-03
198,2,"15:31",931,931,"Stanford Robinson Steal.",40,36,4,0.588894100976572,"Davidson","Rhode Island",4,4,0,0,-3.3,400918274,2017-02-03
199,2,"15:27",927,927,"Jeff Dowtin missed Jumper.",40,36,4,0.569863152430852,"Davidson","Rhode Island",4,4,0,0,-3.3,400918274,2017-02-03
200,2,"15:27",927,927,"Will Magarity Defensive Rebound.",40,36,4,0.569863152430852,"Davidson","Rhode Island",4,4,0,0,-3.3,400918274,2017-02-03
201,2,"15:09",909,909,"Will Magarity made Dunk. Assisted by KiShawn Pritchett.",42,36,6,0.680257445931485,"Davidson","Rhode Island",4,4,0,0,-3.3,400918274,2017-02-03
202,2,"14:42",882,882,"E.C. Matthews missed Three Point Jumper.",42,36,6,0.65085548732973,"Davidson","Rhode Island",4,4,0,0,-3.3,400918274,2017-02-03
203,2,"14:42",882,882,"Davidson Defensive Rebound.",42,36,6,0.65085548732973,"Davidson","Rhode Island",4,4,0,0,-3.3,400918274,2017-02-03
204,2,"14:34",874,874,"Jack Gibbs Turnover.",42,36,6,0.683383917164531,"Davidson","Rhode Island",4,4,0,0,-3.3,400918274,2017-02-03
205,2,"14:34",874,874,"Jeff Dowtin Steal.",42,36,6,0.683383917164531,"Davidson","Rhode Island",4,4,0,0,-3.3,400918274,2017-02-03
206,2,"14:29",869,869,"Kuran Iverson made Layup. Assisted by Jeff Dowtin.",42,38,4,0.574877753389196,"Davidson","Rhode Island",4,4,0,0,-3.3,400918274,2017-02-03
207,2,"14:11",851,851,"Peyton Aldridge missed Three Point Jumper.",42,38,4,0.623021356155622,"Davidson","Rhode Island",4,4,0,0,-3.3,400918274,2017-02-03
208,2,"14:11",851,851,"E.C. Matthews Defensive Rebound.",42,38,4,0.623021356155622,"Davidson","Rhode Island",4,4,0,0,-3.3,400918274,2017-02-03
209,2,"13:46",826,826,"Foul on Peyton Aldridge.",42,38,4,0.581323051078854,"Davidson","Rhode Island",4,4,0,0,-3.3,400918274,2017-02-03
210,2,"13:46",826,826,"Stanford Robinson missed Free Throw.",42,38,4,0.581323051078854,"Davidson","Rhode Island",4,4,0,0,-3.3,400918274,2017-02-03
211,2,"13:46",826,826,"Rhode Island Deadball Team Rebound.",42,38,4,0.581323051078854,"Davidson","Rhode Island",4,4,0,0,-3.3,400918274,2017-02-03
212,2,"13:46",826,826,"Stanford Robinson made Free Throw.",42,39,3,0.534925799225585,"Davidson","Rhode Island",4,4,0,0,-3.3,400918274,2017-02-03
213,2,"13:26",806,806,"Jon Axel Gudmundsson made Layup.",44,39,5,0.661536621306908,"Davidson","Rhode Island",4,4,0,0,-3.3,400918274,2017-02-03
214,2,"13:02",782,782,"Kuran Iverson missed Layup.",44,39,5,0.651771282610437,"Davidson","Rhode Island",4,4,0,0,-3.3,400918274,2017-02-03
215,2,"13:02",782,782,"Andrew McAuliffe Defensive Rebound.",44,39,5,0.651771282610437,"Davidson","Rhode Island",4,4,0,0,-3.3,400918274,2017-02-03
216,2,"12:55",775,775,"Will Magarity made Layup. Assisted by Jack Gibbs.",46,39,7,0.747611749996274,"Davidson","Rhode Island",4,4,0,0,-3.3,400918274,2017-02-03
217,2,"12:45",765,765,"Rhode Island  Timeout",46,39,7,0.76271622195917,"Davidson","Rhode Island",3,4,1,0,-3.3,400918274,2017-02-03
218,2,"12:39",759,759,"Jared Terrell missed Jumper.",46,39,7,0.750919906817881,"Davidson","Rhode Island",3,4,1,0,-3.3,400918274,2017-02-03
219,2,"12:39",759,759,"KiShawn Pritchett Defensive Rebound.",46,39,7,0.750919906817881,"Davidson","Rhode Island",3,4,1,0,-3.3,400918274,2017-02-03
220,2,"12:20",740,740,"Jon Axel Gudmundsson missed Layup.",46,39,7,0.754763902490045,"Davidson","Rhode Island",3,4,1,0,-3.3,400918274,2017-02-03
221,2,"12:20",740,740,"Stanford Robinson Block.",46,39,7,0.754763902490045,"Davidson","Rhode Island",3,4,1,0,-3.3,400918274,2017-02-03
222,2,"12:20",740,740,"Hassan Martin Defensive Rebound.",46,39,7,0.754763902490045,"Davidson","Rhode Island",3,4,1,0,-3.3,400918274,2017-02-03
223,2,"12:08",728,728,"Jeff Dowtin made Three Point Jumper.",46,42,4,0.649832076427342,"Davidson","Rhode Island",3,4,1,0,-3.3,400918274,2017-02-03
224,2,"11:55",715,715,"Jack Gibbs missed Layup.",46,42,4,0.590146532067224,"Davidson","Rhode Island",3,4,1,0,-3.3,400918274,2017-02-03
225,2,"11:55",715,715,"Andrew McAuliffe Offensive Rebound.",46,42,4,0.590146532067224,"Davidson","Rhode Island",3,4,1,0,-3.3,400918274,2017-02-03
226,2,"11:51",711,711,"Will Magarity made Three Point Jumper. Assisted by Andrew McAuliffe.",49,42,7,0.735257717123875,"Davidson","Rhode Island",3,4,1,0,-3.3,400918274,2017-02-03
227,2,"11:22",682,682,"Stanford Robinson Turnover.",49,42,7,0.760178978990725,"Davidson","Rhode Island",3,4,0,0,-3.3,400918274,2017-02-03
228,2,"11:22",682,682,"Jack Gibbs Steal.",49,42,7,0.760178978990725,"Davidson","Rhode Island",3,4,0,0,-3.3,400918274,2017-02-03
229,2,"11:13",673,673,"Jack Gibbs made Layup.",51,42,9,0.842616542400587,"Davidson","Rhode Island",3,4,0,0,-3.3,400918274,2017-02-03
230,2,"10:49",649,649,"Hassan Martin made Layup. Assisted by Jeff Dowtin.",51,44,7,0.797934613280001,"Davidson","Rhode Island",3,4,0,0,-3.3,400918274,2017-02-03
231,2,"10:21",621,621,"KiShawn Pritchett Turnover.",51,44,7,0.795316033783936,"Davidson","Rhode Island",3,4,0,0,-3.3,400918274,2017-02-03
232,2,"10:21",621,621,"Official TV Timeout",51,44,7,0.795316033783936,"Davidson","Rhode Island",3,4,0,0,-3.3,400918274,2017-02-03
233,2,"10:05",605,605,"Foul on Andrew McAuliffe.",51,44,7,0.797201851979666,"Davidson","Rhode Island",3,4,0,0,-3.3,400918274,2017-02-03
234,2,"10:05",605,605,"E.C. Matthews missed Free Throw.",51,44,7,0.797201851979666,"Davidson","Rhode Island",3,4,0,0,-3.3,400918274,2017-02-03
235,2,"10:05",605,605,"Rhode Island Deadball Team Rebound.",51,44,7,0.797201851979666,"Davidson","Rhode Island",3,4,0,0,-3.3,400918274,2017-02-03
236,2,"10:05",605,605,"E.C. Matthews made Free Throw.",51,45,6,0.754782988439916,"Davidson","Rhode Island",3,4,0,0,-3.3,400918274,2017-02-03
237,2,"9:57",597,597,"Jack Gibbs missed Layup.",51,45,6,0.753038171491118,"Davidson","Rhode Island",3,4,0,0,-3.3,400918274,2017-02-03
238,2,"9:57",597,597,"Will Magarity Offensive Rebound.",51,45,6,0.753038171491118,"Davidson","Rhode Island",3,4,0,0,-3.3,400918274,2017-02-03
239,2,"9:53",593,593,"Foul on Nicola Akele.",51,45,6,0.753038171491118,"Davidson","Rhode Island",3,4,0,0,-3.3,400918274,2017-02-03
240,2,"9:53",593,593,"Will Magarity missed Free Throw.",51,45,6,0.753038171491118,"Davidson","Rhode Island",3,4,0,0,-3.3,400918274,2017-02-03
241,2,"9:53",593,593,"Davidson Deadball Team Rebound.",51,45,6,0.753038171491118,"Davidson","Rhode Island",3,4,0,0,-3.3,400918274,2017-02-03
242,2,"9:53",593,593,"Will Magarity made Free Throw.",52,45,7,0.794873488823207,"Davidson","Rhode Island",3,4,0,0,-3.3,400918274,2017-02-03
243,2,"9:33",573,573,"Foul on Peyton Aldridge.",52,45,7,0.82629533953,"Davidson","Rhode Island",3,4,0,0,-3.3,400918274,2017-02-03
244,2,"9:33",573,573,"Jared Terrell missed Free Throw.",52,45,7,0.82629533953,"Davidson","Rhode Island",3,4,0,0,-3.3,400918274,2017-02-03
245,2,"9:33",573,573,"Rhode Island Deadball Team Rebound.",52,45,7,0.82629533953,"Davidson","Rhode Island",3,4,0,0,-3.3,400918274,2017-02-03
246,2,"9:33",573,573,"Jared Terrell made Free Throw.",52,46,6,0.786903858923701,"Davidson","Rhode Island",3,4,0,0,-3.3,400918274,2017-02-03
247,2,"9:16",556,556,"Foul on Hassan Martin.",52,46,6,0.766175780618282,"Davidson","Rhode Island",3,4,0,0,-3.3,400918274,2017-02-03
248,2,"9:16",556,556,"Jack Gibbs missed Free Throw.",52,46,6,0.766175780618282,"Davidson","Rhode Island",3,4,0,0,-3.3,400918274,2017-02-03
249,2,"9:16",556,556,"Hassan Martin Defensive Rebound.",52,46,6,0.766175780618282,"Davidson","Rhode Island",3,4,0,0,-3.3,400918274,2017-02-03
250,2,"9:02",542,542,"E.C. Matthews missed Jumper.",52,46,6,0.773298830826223,"Davidson","Rhode Island",3,4,0,0,-3.3,400918274,2017-02-03
251,2,"9:02",542,542,"Hassan Martin Offensive Rebound.",52,46,6,0.773298830826223,"Davidson","Rhode Island",3,4,0,0,-3.3,400918274,2017-02-03
252,2,"8:58",538,538,"Foul on Oskar Michelsen.",52,46,6,0.813340970223307,"Davidson","Rhode Island",3,4,0,0,-3.3,400918274,2017-02-03
253,2,"8:58",538,538,"Hassan Martin made Free Throw.",52,47,5,0.766831264502811,"Davidson","Rhode Island",3,4,0,0,-3.3,400918274,2017-02-03
254,2,"8:58",538,538,"Hassan Martin made Free Throw.",52,48,4,0.712824551781644,"Davidson","Rhode Island",3,4,0,0,-3.3,400918274,2017-02-03
255,2,"8:46",526,526,"KiShawn Pritchett missed Three Point Jumper.",52,48,4,0.710382003376121,"Davidson","Rhode Island",3,4,0,0,-3.3,400918274,2017-02-03
256,2,"8:46",526,526,"E.C. Matthews Defensive Rebound.",52,48,4,0.710382003376121,"Davidson","Rhode Island",3,4,0,0,-3.3,400918274,2017-02-03
257,2,"8:38",518,518,"E.C. Matthews missed Layup.",52,48,4,0.690114094611643,"Davidson","Rhode Island",3,4,0,0,-3.3,400918274,2017-02-03
258,2,"8:38",518,518,"E.C. Matthews Offensive Rebound.",52,48,4,0.690114094611643,"Davidson","Rhode Island",3,4,0,0,-3.3,400918274,2017-02-03
259,2,"8:30",510,510,"E.C. Matthews made Jumper.",52,50,2,0.564530588664508,"Davidson","Rhode Island",3,4,0,0,-3.3,400918274,2017-02-03
260,2,"8:30",510,510,"Foul on Oskar Michelsen.",52,50,2,0.564530588664508,"Davidson","Rhode Island",3,4,0,0,-3.3,400918274,2017-02-03
261,2,"8:30",510,510,"E.C. Matthews missed Free Throw.",52,50,2,0.564530588664508,"Davidson","Rhode Island",3,4,0,0,-3.3,400918274,2017-02-03
262,2,"8:30",510,510,"Oskar Michelsen Defensive Rebound.",52,50,2,0.564530588664508,"Davidson","Rhode Island",3,4,0,0,-3.3,400918274,2017-02-03
263,2,"8:17",497,497,"Will Magarity made Layup. Assisted by Jack Gibbs.",54,50,4,0.716810137929429,"Davidson","Rhode Island",3,4,0,0,-3.3,400918274,2017-02-03
264,2,"7:55",475,475,"Jared Terrell made Three Point Jumper. Assisted by Hassan Martin.",54,53,1,0.489554752744049,"Davidson","Rhode Island",3,4,0,0,-3.3,400918274,2017-02-03
265,2,"7:41",461,461,"Jack Gibbs Turnover.",54,53,1,0.485767387055361,"Davidson","Rhode Island",3,4,0,0,-3.3,400918274,2017-02-03
266,2,"7:41",461,461,"Jared Terrell Steal.",54,53,1,0.485767387055361,"Davidson","Rhode Island",3,4,0,0,-3.3,400918274,2017-02-03
267,2,"7:34",454,454,"Foul on Jared Terrell.",54,53,1,0.506475705018522,"Davidson","Rhode Island",3,4,0,0,-3.3,400918274,2017-02-03
268,2,"7:34",454,454,"Jared Terrell Turnover.",54,53,1,0.506475705018522,"Davidson","Rhode Island",3,4,0,0,-3.3,400918274,2017-02-03
269,2,"7:34",454,454,"Official TV Timeout",54,53,1,0.506475705018522,"Davidson","Rhode Island",3,4,0,0,-3.3,400918274,2017-02-03
270,2,"7:34",454,454,"Will Magarity Turnover.",54,53,1,0.506475705018522,"Davidson","Rhode Island",3,4,0,0,-3.3,400918274,2017-02-03
271,2,"7:18",438,438,"Jeff Dowtin missed Jumper.",54,53,1,0.511297687487646,"Davidson","Rhode Island",3,4,0,0,-3.3,400918274,2017-02-03
272,2,"7:18",438,438,"Jack Gibbs Defensive Rebound.",54,53,1,0.511297687487646,"Davidson","Rhode Island",3,4,0,0,-3.3,400918274,2017-02-03
273,2,"7:10",430,430,"Jack Gibbs missed Layup.",54,53,1,0.511297687487646,"Davidson","Rhode Island",3,4,0,0,-3.3,400918274,2017-02-03
274,2,"7:10",430,430,"Christion Thompson Defensive Rebound.",54,53,1,0.511297687487646,"Davidson","Rhode Island",3,4,0,0,-3.3,400918274,2017-02-03
275,2,"7:10",430,430,"Foul on Rusty Reigel.",54,53,1,0.511297687487646,"Davidson","Rhode Island",3,4,0,0,-3.3,400918274,2017-02-03
276,2,"7:09",429,429,"Christion Thompson made Free Throw.",54,54,0,0.418614571104617,"Davidson","Rhode Island",3,4,0,0,-3.3,400918274,2017-02-03
277,2,"7:09",429,429,"Christion Thompson made Free Throw.",54,55,-1,0.34847709333729,"Davidson","Rhode Island",3,4,0,0,-3.3,400918274,2017-02-03
278,2,"6:50",410,410,"Jack Gibbs missed Three Point Jumper.",54,55,-1,0.346718407153373,"Davidson","Rhode Island",3,4,0,0,-3.3,400918274,2017-02-03
279,2,"6:50",410,410,"Kuran Iverson Defensive Rebound.",54,55,-1,0.346718407153373,"Davidson","Rhode Island",3,4,0,0,-3.3,400918274,2017-02-03
280,2,"6:38",398,398,"Christion Thompson missed Three Point Jumper.",54,55,-1,0.37324949392829,"Davidson","Rhode Island",3,4,0,0,-3.3,400918274,2017-02-03
281,2,"6:38",398,398,"E.C. Matthews Offensive Rebound.",54,55,-1,0.37324949392829,"Davidson","Rhode Island",3,4,0,0,-3.3,400918274,2017-02-03
282,2,"6:29",389,389,"Hassan Martin missed Layup.",54,55,-1,0.350876603172661,"Davidson","Rhode Island",3,4,0,0,-3.3,400918274,2017-02-03
283,2,"6:29",389,389,"Andrew McAuliffe Defensive Rebound.",54,55,-1,0.350876603172661,"Davidson","Rhode Island",3,4,0,0,-3.3,400918274,2017-02-03
284,2,"6:03",363,363,"Jon Axel Gudmundsson missed Three Point Jumper.",54,55,-1,0.363020522104953,"Davidson","Rhode Island",3,4,0,0,-3.3,400918274,2017-02-03
285,2,"6:03",363,363,"Christion Thompson Block.",54,55,-1,0.363020522104953,"Davidson","Rhode Island",3,4,0,0,-3.3,400918274,2017-02-03
286,2,"6:03",363,363,"Kuran Iverson Defensive Rebound.",54,55,-1,0.363020522104953,"Davidson","Rhode Island",3,4,0,0,-3.3,400918274,2017-02-03
287,2,"5:57",357,357,"Foul on Jon Axel Gudmundsson.",54,55,-1,0.306436688812729,"Davidson","Rhode Island",3,4,0,0,-3.3,400918274,2017-02-03
288,2,"5:57",357,357,"Christion Thompson made Free Throw.",54,56,-2,0.239194211841315,"Davidson","Rhode Island",3,4,0,0,-3.3,400918274,2017-02-03
289,2,"5:33",333,333,"Jack Gibbs missed Three Point Jumper.",54,56,-2,0.287893531923258,"Davidson","Rhode Island",3,4,0,0,-3.3,400918274,2017-02-03
290,2,"5:33",333,333,"E.C. Matthews Defensive Rebound.",54,56,-2,0.287893531923258,"Davidson","Rhode Island",3,4,0,0,-3.3,400918274,2017-02-03
291,2,"5:22",322,322,"E.C. Matthews made Jumper.",54,58,-4,0.16173614695422,"Davidson","Rhode Island",3,4,0,0,-3.3,400918274,2017-02-03
292,2,"5:11",311,311,"Davidson  Timeout",54,58,-4,0.15974013313842,"Davidson","Rhode Island",3,3,0,1,-3.3,400918274,2017-02-03
293,2,"4:52",292,292,"Jack Gibbs missed Three Point Jumper.",54,58,-4,0.151815174520574,"Davidson","Rhode Island",3,3,0,1,-3.3,400918274,2017-02-03
294,2,"4:52",292,292,"Rhode Island Defensive Rebound.",54,58,-4,0.151815174520574,"Davidson","Rhode Island",3,3,0,1,-3.3,400918274,2017-02-03
295,2,"4:33",273,273,"E.C. Matthews missed Jumper.",54,58,-4,0.128141373100384,"Davidson","Rhode Island",3,3,0,1,-3.3,400918274,2017-02-03
296,2,"4:33",273,273,"Will Magarity Block.",54,58,-4,0.128141373100384,"Davidson","Rhode Island",3,3,0,1,-3.3,400918274,2017-02-03
297,2,"4:33",273,273,"Will Magarity Defensive Rebound.",54,58,-4,0.128141373100384,"Davidson","Rhode Island",3,3,0,1,-3.3,400918274,2017-02-03
298,2,"4:24",264,264,"Foul on Kuran Iverson.",54,58,-4,0.151789004442846,"Davidson","Rhode Island",3,3,0,1,-3.3,400918274,2017-02-03
299,2,"4:24",264,264,"Jon Axel Gudmundsson made Free Throw.",55,58,-3,0.206298176836826,"Davidson","Rhode Island",3,3,0,1,-3.3,400918274,2017-02-03
300,2,"4:24",264,264,"Jon Axel Gudmundsson missed Free Throw.",55,58,-3,0.206298176836826,"Davidson","Rhode Island",3,3,0,1,-3.3,400918274,2017-02-03
301,2,"4:24",264,264,"Kuran Iverson Defensive Rebound.",55,58,-3,0.206298176836826,"Davidson","Rhode Island",3,3,0,1,-3.3,400918274,2017-02-03
302,2,"4:02",242,242,"Kuran Iverson missed Three Point Jumper.",55,58,-3,0.188852836370269,"Davidson","Rhode Island",3,3,0,0,-3.3,400918274,2017-02-03
303,2,"4:02",242,242,"Davidson Defensive Rebound.",55,58,-3,0.188852836370269,"Davidson","Rhode Island",3,3,0,0,-3.3,400918274,2017-02-03
304,2,"3:55",235,235,"Official TV Timeout",55,58,-3,0.203539714634268,"Davidson","Rhode Island",3,3,0,0,-3.3,400918274,2017-02-03
305,2,"3:47",227,227,"Jack Gibbs missed Layup.",55,58,-3,0.179849529948033,"Davidson","Rhode Island",3,3,0,0,-3.3,400918274,2017-02-03
306,2,"3:47",227,227,"Stanford Robinson Defensive Rebound.",55,58,-3,0.179849529948033,"Davidson","Rhode Island",3,3,0,0,-3.3,400918274,2017-02-03
307,2,"3:24",204,204,"E.C. Matthews made Three Point Jumper. Assisted by Hassan Martin.",55,61,-6,0.0511933317055654,"Davidson","Rhode Island",3,3,0,0,-3.3,400918274,2017-02-03
308,2,"3:12",192,192,"Foul on Jeff Dowtin.",55,61,-6,0.0485162672215567,"Davidson","Rhode Island",3,3,0,0,-3.3,400918274,2017-02-03
309,2,"3:12",192,192,"Jack Gibbs made Free Throw.",56,61,-5,0.0752876288504108,"Davidson","Rhode Island",3,3,0,0,-3.3,400918274,2017-02-03
310,2,"3:12",192,192,"Jack Gibbs made Free Throw.",57,61,-4,0.115045311891266,"Davidson","Rhode Island",3,3,0,0,-3.3,400918274,2017-02-03
311,2,"2:58",178,178,"E.C. Matthews made Three Point Jumper. Assisted by Stanford Robinson.",57,64,-7,0.0281481258954229,"Davidson","Rhode Island",3,3,0,0,-3.3,400918274,2017-02-03
312,2,"2:47",167,167,"Jack Gibbs missed Layup.",57,64,-7,0.0209639279640716,"Davidson","Rhode Island",3,3,0,0,-3.3,400918274,2017-02-03
313,2,"2:47",167,167,"Kuran Iverson Defensive Rebound.",57,64,-7,0.0209639279640716,"Davidson","Rhode Island",3,3,0,0,-3.3,400918274,2017-02-03
314,2,"2:40",160,160,"Foul on Jack Gibbs.",57,64,-7,0.0209639279640716,"Davidson","Rhode Island",3,3,0,0,-3.3,400918274,2017-02-03
315,2,"2:40",160,160,"Kuran Iverson missed Free Throw.",57,64,-7,0.0209639279640716,"Davidson","Rhode Island",3,3,0,0,-3.3,400918274,2017-02-03
316,2,"2:40",160,160,"Rhode Island Deadball Team Rebound.",57,64,-7,0.0209639279640716,"Davidson","Rhode Island",3,3,0,0,-3.3,400918274,2017-02-03
317,2,"2:40",160,160,"Kuran Iverson made Free Throw.",57,65,-8,0.0126474555733594,"Davidson","Rhode Island",3,3,0,0,-3.3,400918274,2017-02-03
318,2,"2:21",141,141,"KiShawn Pritchett missed Three Point Jumper.",57,65,-8,0.0102276435827071,"Davidson","Rhode Island",3,3,0,0,-3.3,400918274,2017-02-03
319,2,"2:21",141,141,"Hassan Martin Defensive Rebound.",57,65,-8,0.0102276435827071,"Davidson","Rhode Island",3,3,0,0,-3.3,400918274,2017-02-03
320,2,"1:59",119,119,"Foul on Will Magarity.",57,65,-8,0.0075566647201709,"Davidson","Rhode Island",3,3,0,0,-3.3,400918274,2017-02-03
321,2,"1:59",119,119,"Kuran Iverson made Free Throw.",57,66,-9,0.00415790597348463,"Davidson","Rhode Island",3,3,0,0,-3.3,400918274,2017-02-03
322,2,"1:59",119,119,"Kuran Iverson missed Free Throw.",57,66,-9,0.00415790597348463,"Davidson","Rhode Island",3,3,0,0,-3.3,400918274,2017-02-03
323,2,"1:59",119,119,"Peyton Aldridge Defensive Rebound.",57,66,-9,0.00415790597348463,"Davidson","Rhode Island",3,3,0,0,-3.3,400918274,2017-02-03
324,2,"1:43",103,103,"Will Magarity missed Three Point Jumper.",57,66,-9,0.00268486341343704,"Davidson","Rhode Island",3,3,0,0,-3.3,400918274,2017-02-03
325,2,"1:43",103,103,"E.C. Matthews Defensive Rebound.",57,66,-9,0.00268486341343704,"Davidson","Rhode Island",3,3,0,0,-3.3,400918274,2017-02-03
326,2,"1:25",85,85,"Foul on Jon Axel Gudmundsson.",57,66,-9,0.00151770380009469,"Davidson","Rhode Island",3,3,0,0,-3.3,400918274,2017-02-03
327,2,"1:25",85,85,"Jeff Dowtin missed Free Throw.",57,66,-9,0.00151770380009469,"Davidson","Rhode Island",3,3,0,0,-3.3,400918274,2017-02-03
328,2,"1:25",85,85,"Rhode Island Deadball Team Rebound.",57,66,-9,0.00151770380009469,"Davidson","Rhode Island",3,3,0,0,-3.3,400918274,2017-02-03
329,2,"1:25",85,85,"Jeff Dowtin made Free Throw.",57,67,-10,0.000741937239209771,"Davidson","Rhode Island",3,3,0,0,-3.3,400918274,2017-02-03
330,2,"1:19",79,79,"Jack Gibbs Turnover.",57,67,-10,0.000479245682757342,"Davidson","Rhode Island",3,3,0,0,-3.3,400918274,2017-02-03
331,2,"1:19",79,79,"Kuran Iverson Steal.",57,67,-10,0.000479245682757342,"Davidson","Rhode Island",3,3,0,0,-3.3,400918274,2017-02-03
332,2,"1:16",76,76,"Foul on Jack Gibbs.",57,67,-10,0.000479245682757342,"Davidson","Rhode Island",3,3,0,0,-3.3,400918274,2017-02-03
333,2,"1:16",76,76,"Foul on Kamau Faines.",57,67,-10,0.000479245682757342,"Davidson","Rhode Island",3,3,0,0,-3.3,400918274,2017-02-03
334,2,"1:16",76,76,"Jeff Dowtin made Free Throw.",57,68,-11,0.000229858210611413,"Davidson","Rhode Island",3,3,0,0,-3.3,400918274,2017-02-03
335,2,"1:16",76,76,"Jeff Dowtin missed Free Throw.",57,68,-11,0.000229858210611413,"Davidson","Rhode Island",3,3,0,0,-3.3,400918274,2017-02-03
336,2,"1:16",76,76,"Peyton Aldridge Defensive Rebound.",57,68,-11,0.000229858210611413,"Davidson","Rhode Island",3,3,0,0,-3.3,400918274,2017-02-03
337,2,"1:03",63,63,"Foul on Hassan Martin.",57,68,-11,0.000229181115321151,"Davidson","Rhode Island",3,3,0,0,-3.3,400918274,2017-02-03
338,2,"1:03",63,63,"Jack Gibbs missed Free Throw.",57,68,-11,0.000229181115321151,"Davidson","Rhode Island",3,3,0,0,-3.3,400918274,2017-02-03
339,2,"1:03",63,63,"Davidson Deadball Team Rebound.",57,68,-11,0.000229181115321151,"Davidson","Rhode Island",3,3,0,0,-3.3,400918274,2017-02-03
340,2,"1:03",63,63,"Jack Gibbs missed Free Throw.",57,68,-11,0.000229181115321151,"Davidson","Rhode Island",3,3,0,0,-3.3,400918274,2017-02-03
341,2,"1:03",63,63,"Christion Thompson Defensive Rebound.",57,68,-11,0.000229181115321151,"Davidson","Rhode Island",3,3,0,0,-3.3,400918274,2017-02-03
342,2,"0:58",58,58,"Foul on Jon Axel Gudmundsson.",57,68,-11,8.16004705697174e-05,"Davidson","Rhode Island",3,3,0,0,-3.3,400918274,2017-02-03
343,2,"0:58",58,58,"E.C. Matthews missed Free Throw.",57,68,-11,8.16004705697174e-05,"Davidson","Rhode Island",3,3,0,0,-3.3,400918274,2017-02-03
344,2,"0:58",58,58,"Rhode Island Deadball Team Rebound.",57,68,-11,8.16004705697174e-05,"Davidson","Rhode Island",3,3,0,0,-3.3,400918274,2017-02-03
345,2,"0:58",58,58,"E.C. Matthews missed Free Throw.",57,68,-11,8.16004705697174e-05,"Davidson","Rhode Island",3,3,0,0,-3.3,400918274,2017-02-03
346,2,"0:58",58,58,"Rusty Reigel Defensive Rebound.",57,68,-11,8.16004705697174e-05,"Davidson","Rhode Island",3,3,0,0,-3.3,400918274,2017-02-03
347,2,"0:53",53,53,"Peyton Aldridge missed Three Point Jumper.",57,68,-11,0.000109474098235928,"Davidson","Rhode Island",3,3,0,0,-3.3,400918274,2017-02-03
348,2,"0:53",53,53,"E.C. Matthews Defensive Rebound.",57,68,-11,0.000109474098235928,"Davidson","Rhode Island",3,3,0,0,-3.3,400918274,2017-02-03
349,2,"0:21",21,21,"Jeff Dowtin made Layup.",57,70,-13,3.65590009117045e-10,"Davidson","Rhode Island",3,3,0,0,-3.3,400918274,2017-02-03
350,2,"0:13",13,13,"Will Magarity missed Three Point Jumper.",57,70,-13,2.31409479733573e-09,"Davidson","Rhode Island",3,3,0,0,-3.3,400918274,2017-02-03
351,2,"0:13",13,13,"Peyton Aldridge Offensive Rebound.",57,70,-13,2.31409479733573e-09,"Davidson","Rhode Island",3,3,0,0,-3.3,400918274,2017-02-03
352,2,"0:07",7,7,"Peyton Aldridge missed Layup.",57,70,-13,1.52564212386994e-09,"Davidson","Rhode Island",3,3,0,0,-3.3,400918274,2017-02-03
353,2,"0:07",7,7,"Peyton Aldridge Offensive Rebound.",57,70,-13,1.52564212386994e-09,"Davidson","Rhode Island",3,3,0,0,-3.3,400918274,2017-02-03
354,2,"0:07",7,7,"Peyton Aldridge made Layup.",59,70,-11,3.87398144379976e-08,"Davidson","Rhode Island",3,3,0,0,-3.3,400918274,2017-02-03
355,2,"0:00",0,0,"End of Game",59,70,-11,3.70604053069481e-93,"Davidson","Rhode Island",3,3,0,0,-3.3,400918274,2017-02-03
