"play_id","half","time_remaining_half","secs_remaining","secs_remaining_absolute","description","home_score","away_score","score_diff","win_prob","home","away","home_time_out_remaining","away_time_out_remaining","home_timeout_ind","away_timeout_ind","home_favored_by","game_id","date"
1,1,"20:00",2400,2400,"PLAY",0,0,0,0.5,"Presbyterian","Piedmont",6,6,0,0,NA,400992373,2017-12-21
2,1,"19:36",2376,2376,"Francois Lewis missed Three Point Jumper.",0,0,0,0.524279741327167,"Presbyterian","Piedmont",6,6,0,0,NA,400992373,2017-12-21
3,1,"19:36",2376,2376,"Elijah Alston Defensive Rebound.",0,0,0,0.524279741327167,"Presbyterian","Piedmont",6,6,0,0,NA,400992373,2017-12-21
4,1,"19:13",2353,2353,"Justin Vallejo made Three Point Jumper. Assisted by Elijah Alston.",0,3,-3,0.463819120611522,"Presbyterian","Piedmont",6,6,0,0,NA,400992373,2017-12-21
5,1,"18:45",2325,2325,"Francois Lewis missed Three Point Jumper.",0,3,-3,0.450319850617326,"Presbyterian","Piedmont",6,6,0,0,NA,400992373,2017-12-21
6,1,"18:45",2325,2325,"Justin Vallejo Defensive Rebound.",0,3,-3,0.450319850617326,"Presbyterian","Piedmont",6,6,0,0,NA,400992373,2017-12-21
7,1,"18:35",2315,2315,"Elijah Alston missed Three Point Jumper.",0,3,-3,0.433572365685198,"Presbyterian","Piedmont",6,6,0,0,NA,400992373,2017-12-21
8,1,"18:35",2315,2315,"Justin Vallejo Offensive Rebound.",0,3,-3,0.433572365685198,"Presbyterian","Piedmont",6,6,0,0,NA,400992373,2017-12-21
9,1,"18:29",2309,2309,"Justin Vallejo missed Layup.",0,3,-3,0.434776793628867,"Presbyterian","Piedmont",6,6,0,0,NA,400992373,2017-12-21
10,1,"18:29",2309,2309,"Francois Lewis Defensive Rebound.",0,3,-3,0.434776793628867,"Presbyterian","Piedmont",6,6,0,0,NA,400992373,2017-12-21
11,1,"18:14",2294,2294,"Francois Lewis Turnover.",0,3,-3,0.448107501169458,"Presbyterian","Piedmont",6,6,0,0,NA,400992373,2017-12-21
12,1,"17:52",2272,2272,"Taylor Mills missed Three Point Jumper.",0,3,-3,0.443454577597115,"Presbyterian","Piedmont",6,6,0,0,NA,400992373,2017-12-21
13,1,"17:52",2272,2272,"Armel TeTe Defensive Rebound.",0,3,-3,0.443454577597115,"Presbyterian","Piedmont",6,6,0,0,NA,400992373,2017-12-21
14,1,"17:42",2262,2262,"Francois Lewis made Layup. Assisted by Davon Bell.",2,3,-1,0.488877082957404,"Presbyterian","Piedmont",6,6,0,0,NA,400992373,2017-12-21
15,1,"17:34",2254,2254,"Taylor Mills missed Layup.",2,3,-1,0.497243441001101,"Presbyterian","Piedmont",6,6,0,0,NA,400992373,2017-12-21
16,1,"17:34",2254,2254,"Armel TeTe Defensive Rebound.",2,3,-1,0.497243441001101,"Presbyterian","Piedmont",6,6,0,0,NA,400992373,2017-12-21
17,1,"17:26",2246,2246,"Davon Bell made Layup.",4,3,1,0.552103519493009,"Presbyterian","Piedmont",6,6,0,0,NA,400992373,2017-12-21
18,1,"17:09",2229,2229,"Foul on Armel TeTe.",4,3,1,0.54430657440003,"Presbyterian","Piedmont",6,6,0,0,NA,400992373,2017-12-21
19,1,"17:00",2220,2220,"Marquise Lanier missed Layup.",4,3,1,0.54430657440003,"Presbyterian","Piedmont",6,6,0,0,NA,400992373,2017-12-21
20,1,"17:00",2220,2220,"Romeo Crouch Defensive Rebound.",4,3,1,0.54430657440003,"Presbyterian","Piedmont",6,6,0,0,NA,400992373,2017-12-21
21,1,"16:45",2205,2205,"Foul on Marquise Lanier.",4,3,1,0.54783244965199,"Presbyterian","Piedmont",6,6,0,0,NA,400992373,2017-12-21
22,1,"16:45",2205,2205,"Francois Lewis missed Free Throw.",4,3,1,0.54783244965199,"Presbyterian","Piedmont",6,6,0,0,NA,400992373,2017-12-21
23,1,"16:45",2205,2205,"Presbyterian Deadball Team Rebound.",4,3,1,0.54783244965199,"Presbyterian","Piedmont",6,6,0,0,NA,400992373,2017-12-21
24,1,"16:45",2205,2205,"Francois Lewis made Free Throw.",5,3,2,0.575682268894668,"Presbyterian","Piedmont",6,6,0,0,NA,400992373,2017-12-21
25,1,"16:25",2185,2185,"Taylor Mills made Layup.",5,5,0,0.517974876579632,"Presbyterian","Piedmont",6,6,0,0,NA,400992373,2017-12-21
26,1,"16:00",2160,2160,"Francois Lewis missed Layup.",5,5,0,0.51544268191902,"Presbyterian","Piedmont",6,6,0,0,NA,400992373,2017-12-21
27,1,"16:00",2160,2160,"Taylor Mills Defensive Rebound.",5,5,0,0.51544268191902,"Presbyterian","Piedmont",6,6,0,0,NA,400992373,2017-12-21
28,1,"15:52",2152,2152,"Elijah Alston made Layup.",5,7,-2,0.444937089441153,"Presbyterian","Piedmont",6,6,0,0,NA,400992373,2017-12-21
29,1,"15:52",2152,2152,"Foul on Davon Bell.",5,7,-2,0.444937089441153,"Presbyterian","Piedmont",6,6,0,0,NA,400992373,2017-12-21
30,1,"15:50",2150,2150,"Official TV Timeout",5,7,-2,0.444937089441153,"Presbyterian","Piedmont",6,6,0,0,NA,400992373,2017-12-21
31,1,"15:50",2150,2150,"Elijah Alston missed Free Throw.",5,7,-2,0.444937089441153,"Presbyterian","Piedmont",6,6,0,0,NA,400992373,2017-12-21
32,1,"15:50",2150,2150,"Davon Bell Defensive Rebound.",5,7,-2,0.444937089441153,"Presbyterian","Piedmont",6,6,0,0,NA,400992373,2017-12-21
33,1,"15:29",2129,2129,"Reggie Dillard made Layup.",7,7,0,0.508196767332655,"Presbyterian","Piedmont",6,6,0,0,NA,400992373,2017-12-21
34,1,"15:15",2115,2115,"Landry Assinesi Turnover.",7,7,0,0.506797114570273,"Presbyterian","Piedmont",6,6,0,0,NA,400992373,2017-12-21
35,1,"14:53",2093,2093,"Ruben Arroyo missed Jumper.",7,7,0,0.512724272350445,"Presbyterian","Piedmont",6,6,0,0,NA,400992373,2017-12-21
36,1,"14:53",2093,2093,"Romeo Crouch Offensive Rebound.",7,7,0,0.512724272350445,"Presbyterian","Piedmont",6,6,0,0,NA,400992373,2017-12-21
37,1,"14:50",2090,2090,"Reggie Dillard made Three Point Jumper. Assisted by Romeo Crouch.",10,7,3,0.604209754567576,"Presbyterian","Piedmont",6,6,0,0,NA,400992373,2017-12-21
38,1,"14:25",2065,2065,"Marquise Lanier missed Layup.",10,7,3,0.593458369870199,"Presbyterian","Piedmont",6,6,0,0,NA,400992373,2017-12-21
39,1,"14:25",2065,2065,"Romeo Crouch Defensive Rebound.",10,7,3,0.593458369870199,"Presbyterian","Piedmont",6,6,0,0,NA,400992373,2017-12-21
40,1,"14:15",2055,2055,"Davon Bell made Layup.",12,7,5,0.643641852675831,"Presbyterian","Piedmont",6,6,0,0,NA,400992373,2017-12-21
41,1,"14:15",2055,2055,"Foul on Marquise Lanier.",12,7,5,0.643641852675831,"Presbyterian","Piedmont",6,6,0,0,NA,400992373,2017-12-21
42,1,"14:15",2055,2055,"Davon Bell made Free Throw.",13,7,6,0.670039446638927,"Presbyterian","Piedmont",6,6,0,0,NA,400992373,2017-12-21
43,1,"14:03",2043,2043,"Taylor Mills missed Layup.",13,7,6,0.659649868446711,"Presbyterian","Piedmont",6,6,0,0,NA,400992373,2017-12-21
44,1,"14:03",2043,2043,"Reggie Dillard Defensive Rebound.",13,7,6,0.659649868446711,"Presbyterian","Piedmont",6,6,0,0,NA,400992373,2017-12-21
45,1,"13:42",2022,2022,"Ruben Arroyo made Dunk. Assisted by Davon Bell.",15,7,8,0.74595068489446,"Presbyterian","Piedmont",6,6,0,0,NA,400992373,2017-12-21
46,1,"13:28",2008,2008,"Justin Vallejo missed Jumper.",15,7,8,0.714512421114916,"Presbyterian","Piedmont",6,6,0,0,NA,400992373,2017-12-21
47,1,"13:28",2008,2008,"Davon Bell Defensive Rebound.",15,7,8,0.714512421114916,"Presbyterian","Piedmont",6,6,0,0,NA,400992373,2017-12-21
48,1,"13:08",1988,1988,"Davon Bell missed Layup.",15,7,8,0.733619843195916,"Presbyterian","Piedmont",6,6,0,0,NA,400992373,2017-12-21
49,1,"13:08",1988,1988,"Justin Vallejo Defensive Rebound.",15,7,8,0.733619843195916,"Presbyterian","Piedmont",6,6,0,0,NA,400992373,2017-12-21
50,1,"12:49",1969,1969,"Jordan Foote made Jumper.",15,9,6,0.663944281253058,"Presbyterian","Piedmont",6,6,0,0,NA,400992373,2017-12-21
51,1,"12:19",1939,1939,"Davon Bell missed Three Point Jumper.",15,9,6,0.687611180418657,"Presbyterian","Piedmont",6,6,0,0,NA,400992373,2017-12-21
52,1,"12:19",1939,1939,"Reggie Dillard Offensive Rebound.",15,9,6,0.687611180418657,"Presbyterian","Piedmont",6,6,0,0,NA,400992373,2017-12-21
53,1,"12:10",1930,1930,"Foul on Jordan Foote.",15,9,6,0.687611180418657,"Presbyterian","Piedmont",6,6,0,0,NA,400992373,2017-12-21
54,1,"12:10",1930,1930,"Reggie Dillard made Free Throw.",16,9,7,0.714664125309771,"Presbyterian","Piedmont",6,6,0,0,NA,400992373,2017-12-21
55,1,"12:10",1930,1930,"Reggie Dillard made Free Throw.",17,9,8,0.740259253365224,"Presbyterian","Piedmont",6,6,0,0,NA,400992373,2017-12-21
56,1,"11:48",1908,1908,"Miles Riley Turnover.",17,9,8,0.72544474617462,"Presbyterian","Piedmont",6,6,0,0,NA,400992373,2017-12-21
57,1,"11:48",1908,1908,"Official TV Timeout",17,9,8,0.72544474617462,"Presbyterian","Piedmont",6,6,0,0,NA,400992373,2017-12-21
58,1,"11:25",1885,1885,"Jaron Withers made Layup. Assisted by Reggie Dillard.",19,9,10,0.77739897448655,"Presbyterian","Piedmont",6,6,0,0,NA,400992373,2017-12-21
59,1,"11:11",1871,1871,"Landry Assinesi made Jumper. Assisted by Miles Riley.",19,11,8,0.737856724625282,"Presbyterian","Piedmont",6,6,0,0,NA,400992373,2017-12-21
60,1,"10:43",1843,1843,"Foul on Cole Huskey.",19,11,8,0.723420139546241,"Presbyterian","Piedmont",6,6,0,0,NA,400992373,2017-12-21
61,1,"10:43",1843,1843,"Armel TeTe made Free Throw.",20,11,9,0.747504622327512,"Presbyterian","Piedmont",6,6,0,0,NA,400992373,2017-12-21
62,1,"10:43",1843,1843,"Armel TeTe made Free Throw.",21,11,10,0.770158171225671,"Presbyterian","Piedmont",6,6,0,0,NA,400992373,2017-12-21
63,1,"10:32",1832,1832,"Foul on Miles Riley.",21,11,10,0.793482456023914,"Presbyterian","Piedmont",6,6,0,0,NA,400992373,2017-12-21
64,1,"10:32",1832,1832,"Miles Riley Turnover.",21,11,10,0.793482456023914,"Presbyterian","Piedmont",6,6,0,0,NA,400992373,2017-12-21
65,1,"10:10",1810,1810,"Reggie Dillard made Three Point Jumper. Assisted by Jaron Withers.",24,11,13,0.868291127397424,"Presbyterian","Piedmont",6,6,0,0,NA,400992373,2017-12-21
66,1,"9:58",1798,1798,"Jordan Foote missed Three Point Jumper.",24,11,13,0.847436457716822,"Presbyterian","Piedmont",6,6,0,0,NA,400992373,2017-12-21
67,1,"9:58",1798,1798,"Reggie Dillard Defensive Rebound.",24,11,13,0.847436457716822,"Presbyterian","Piedmont",6,6,0,0,NA,400992373,2017-12-21
68,1,"9:45",1785,1785,"Reggie Dillard made Three Point Jumper. Assisted by JC Younger.",27,11,16,0.899906868931589,"Presbyterian","Piedmont",6,6,0,0,NA,400992373,2017-12-21
69,1,"9:33",1773,1773,"Cole Huskey missed Jumper.",27,11,16,0.875202266159702,"Presbyterian","Piedmont",6,6,0,0,NA,400992373,2017-12-21
70,1,"9:33",1773,1773,"Davon Bell Defensive Rebound.",27,11,16,0.875202266159702,"Presbyterian","Piedmont",6,6,0,0,NA,400992373,2017-12-21
71,1,"9:11",1751,1751,"Armel TeTe Turnover.",27,11,16,0.897569483523,"Presbyterian","Piedmont",6,6,0,0,NA,400992373,2017-12-21
72,1,"9:08",1748,1748,"Justin Vallejo missed Layup.",27,11,16,0.894144139299094,"Presbyterian","Piedmont",6,6,0,0,NA,400992373,2017-12-21
73,1,"9:08",1748,1748,"Elijah Alston Offensive Rebound.",27,11,16,0.894144139299094,"Presbyterian","Piedmont",6,6,0,0,NA,400992373,2017-12-21
74,1,"9:01",1741,1741,"Taylor Mills made Three Point Jumper. Assisted by Elijah Alston.",27,14,13,0.852564417881707,"Presbyterian","Piedmont",6,6,0,0,NA,400992373,2017-12-21
75,1,"8:41",1721,1721,"JC Younger missed Jumper.",27,14,13,0.867620659007747,"Presbyterian","Piedmont",6,6,0,0,NA,400992373,2017-12-21
76,1,"8:41",1721,1721,"Elijah Alston Defensive Rebound.",27,14,13,0.867620659007747,"Presbyterian","Piedmont",6,6,0,0,NA,400992373,2017-12-21
77,1,"8:27",1707,1707,"Justin Vallejo Turnover.",27,14,13,0.841058481797742,"Presbyterian","Piedmont",6,6,0,0,NA,400992373,2017-12-21
78,1,"8:21",1701,1701,"Francois Lewis Turnover.",27,14,13,0.841058481797742,"Presbyterian","Piedmont",6,6,0,0,NA,400992373,2017-12-21
79,1,"7:57",1677,1677,"Official TV Timeout",27,14,13,0.86559376460266,"Presbyterian","Piedmont",6,6,0,0,NA,400992373,2017-12-21
80,1,"7:45",1665,1665,"Taylor Mills made Three Point Jumper. Assisted by Elijah Alston.",27,17,10,0.792677022555127,"Presbyterian","Piedmont",6,6,0,0,NA,400992373,2017-12-21
81,1,"7:23",1643,1643,"Romeo Crouch missed Jumper.",27,17,10,0.813595009830956,"Presbyterian","Piedmont",6,6,0,0,NA,400992373,2017-12-21
82,1,"7:23",1643,1643,"Elijah Alston Defensive Rebound.",27,17,10,0.813595009830956,"Presbyterian","Piedmont",6,6,0,0,NA,400992373,2017-12-21
83,1,"7:10",1630,1630,"Elijah Alston missed Three Point Jumper.",27,17,10,0.80520499381313,"Presbyterian","Piedmont",6,6,0,0,NA,400992373,2017-12-21
84,1,"7:10",1630,1630,"Presbyterian Defensive Rebound.",27,17,10,0.80520499381313,"Presbyterian","Piedmont",6,6,0,0,NA,400992373,2017-12-21
85,1,"6:52",1612,1612,"Francois Lewis Turnover.",27,17,10,0.801985320838802,"Presbyterian","Piedmont",6,6,0,0,NA,400992373,2017-12-21
86,1,"6:50",1610,1610,"Elijah Alston Steal.",27,17,10,0.801985320838802,"Presbyterian","Piedmont",6,6,0,0,NA,400992373,2017-12-21
87,1,"6:47",1607,1607,"Michael Joseph made Layup. Assisted by Elijah Alston.",27,19,8,0.743443081001564,"Presbyterian","Piedmont",6,6,0,0,NA,400992373,2017-12-21
88,1,"6:26",1586,1586,"Reggie Dillard missed Jumper.",27,19,8,0.745480723668881,"Presbyterian","Piedmont",6,6,0,0,NA,400992373,2017-12-21
89,1,"6:26",1586,1586,"Elijah Alston Defensive Rebound.",27,19,8,0.745480723668881,"Presbyterian","Piedmont",6,6,0,0,NA,400992373,2017-12-21
90,1,"5:54",1554,1554,"Michael Joseph made Jumper.",27,21,6,0.707021570706946,"Presbyterian","Piedmont",6,6,0,0,NA,400992373,2017-12-21
91,1,"5:32",1532,1532,"Foul on Michael Joseph.",27,21,6,0.710881740857042,"Presbyterian","Piedmont",6,6,0,0,NA,400992373,2017-12-21
92,1,"5:30",1530,1530,"Reggie Dillard made Three Point Jumper. Assisted by Francois Lewis.",30,21,9,0.788893627853829,"Presbyterian","Piedmont",6,6,0,0,NA,400992373,2017-12-21
93,1,"5:18",1518,1518,"Foul on Michael Joseph.",30,21,9,0.816632182249117,"Presbyterian","Piedmont",6,6,0,0,NA,400992373,2017-12-21
94,1,"5:18",1518,1518,"Michael Joseph Turnover.",30,21,9,0.816632182249117,"Presbyterian","Piedmont",6,6,0,0,NA,400992373,2017-12-21
95,1,"5:08",1508,1508,"Foul on Michael Joseph.",30,21,9,0.790704209408762,"Presbyterian","Piedmont",6,6,0,0,NA,400992373,2017-12-21
96,1,"5:08",1508,1508,"Francois Lewis made Free Throw.",31,21,10,0.813308498894387,"Presbyterian","Piedmont",6,6,0,0,NA,400992373,2017-12-21
97,1,"5:08",1508,1508,"Francois Lewis made Free Throw.",32,21,11,0.833984062407382,"Presbyterian","Piedmont",6,6,0,0,NA,400992373,2017-12-21
98,1,"4:49",1489,1489,"Elijah Alston made Layup. Assisted by Landry Assinesi.",32,23,9,0.796084313636764,"Presbyterian","Piedmont",6,6,0,0,NA,400992373,2017-12-21
99,1,"4:31",1471,1471,"Armel TeTe Turnover.",32,23,9,0.803091059237452,"Presbyterian","Piedmont",6,6,0,0,NA,400992373,2017-12-21
100,1,"4:29",1469,1469,"Jordan Foote Steal.",32,23,9,0.797742076385093,"Presbyterian","Piedmont",6,6,0,0,NA,400992373,2017-12-21
101,1,"4:24",1464,1464,"Justin Vallejo missed Three Point Jumper.",32,23,9,0.797742076385093,"Presbyterian","Piedmont",6,6,0,0,NA,400992373,2017-12-21
102,1,"4:24",1464,1464,"Elijah Alston Offensive Rebound.",32,23,9,0.797742076385093,"Presbyterian","Piedmont",6,6,0,0,NA,400992373,2017-12-21
103,1,"4:18",1458,1458,"Jordan Foote missed Jumper.",32,23,9,0.7902754374582,"Presbyterian","Piedmont",6,6,0,0,NA,400992373,2017-12-21
104,1,"4:18",1458,1458,"Reggie Dillard Defensive Rebound.",32,23,9,0.7902754374582,"Presbyterian","Piedmont",6,6,0,0,NA,400992373,2017-12-21
105,1,"4:08",1448,1448,"Reggie Dillard missed Jumper.",32,23,9,0.820630655736065,"Presbyterian","Piedmont",6,6,0,0,NA,400992373,2017-12-21
106,1,"4:08",1448,1448,"Elijah Alston Defensive Rebound.",32,23,9,0.820630655736065,"Presbyterian","Piedmont",6,6,0,0,NA,400992373,2017-12-21
107,1,"3:46",1426,1426,"Jordan Foote Turnover.",32,23,9,0.790201493302534,"Presbyterian","Piedmont",6,6,0,0,NA,400992373,2017-12-21
108,1,"3:46",1426,1426,"Official TV Timeout",32,23,9,0.790201493302534,"Presbyterian","Piedmont",6,6,0,0,NA,400992373,2017-12-21
109,1,"3:31",1411,1411,"Armel TeTe made Layup. Assisted by Reggie Dillard.",34,23,11,0.851755618536499,"Presbyterian","Piedmont",6,6,0,0,NA,400992373,2017-12-21
110,1,"3:15",1395,1395,"Taylor Mills missed Layup.",34,23,11,0.84512969669669,"Presbyterian","Piedmont",6,6,0,0,NA,400992373,2017-12-21
111,1,"3:15",1395,1395,"Armel TeTe Defensive Rebound.",34,23,11,0.84512969669669,"Presbyterian","Piedmont",6,6,0,0,NA,400992373,2017-12-21
112,1,"2:54",1374,1374,"JC Younger made Three Point Jumper. Assisted by Davon Bell.",37,23,14,0.882275439159173,"Presbyterian","Piedmont",6,6,0,0,NA,400992373,2017-12-21
113,1,"2:38",1358,1358,"Elijah Alston made Three Point Jumper. Assisted by Justin Vallejo.",37,26,11,0.85971529453529,"Presbyterian","Piedmont",6,6,0,0,NA,400992373,2017-12-21
114,1,"2:36",1356,1356,"Piedmont (GA)  Timeout",37,26,11,0.85971529453529,"Presbyterian","Piedmont",6,5,0,1,NA,400992373,2017-12-21
115,1,"2:20",1340,1340,"JC Younger made Three Point Jumper. Assisted by Davon Bell.",40,26,14,0.90447725034407,"Presbyterian","Piedmont",6,5,0,1,NA,400992373,2017-12-21
116,1,"1:52",1312,1312,"Elijah Alston missed Three Point Jumper.",40,26,14,0.91201565521253,"Presbyterian","Piedmont",6,5,0,1,NA,400992373,2017-12-21
117,1,"1:52",1312,1312,"Davon Bell Defensive Rebound.",40,26,14,0.91201565521253,"Presbyterian","Piedmont",6,5,0,1,NA,400992373,2017-12-21
118,1,"1:32",1292,1292,"Armel TeTe made Layup. Assisted by Davon Bell.",42,26,16,0.944795102465785,"Presbyterian","Piedmont",6,5,0,0,NA,400992373,2017-12-21
119,1,"1:13",1273,1273,"Justin Vallejo missed Layup.",42,26,16,0.915429650694228,"Presbyterian","Piedmont",6,5,0,0,NA,400992373,2017-12-21
120,1,"1:13",1273,1273,"Justin Vallejo Offensive Rebound.",42,26,16,0.915429650694228,"Presbyterian","Piedmont",6,5,0,0,NA,400992373,2017-12-21
121,1,"1:11",1271,1271,"Foul on Armel TeTe.",42,26,16,0.915429650694228,"Presbyterian","Piedmont",6,5,0,0,NA,400992373,2017-12-21
122,1,"1:11",1271,1271,"Justin Vallejo made Free Throw.",42,27,15,0.903083996582945,"Presbyterian","Piedmont",6,5,0,0,NA,400992373,2017-12-21
123,1,"1:11",1271,1271,"Justin Vallejo made Free Throw.",42,28,14,0.889154337660078,"Presbyterian","Piedmont",6,5,0,0,NA,400992373,2017-12-21
124,1,"0:56",1256,1256,"Reggie Dillard missed Jumper.",42,28,14,0.898270210862558,"Presbyterian","Piedmont",6,5,0,0,NA,400992373,2017-12-21
125,1,"0:56",1256,1256,"JC Younger Offensive Rebound.",42,28,14,0.898270210862558,"Presbyterian","Piedmont",6,5,0,0,NA,400992373,2017-12-21
126,1,"0:54",1254,1254,"JC Younger missed Layup.",42,28,14,0.898270210862558,"Presbyterian","Piedmont",6,5,0,0,NA,400992373,2017-12-21
127,1,"0:54",1254,1254,"Justin Vallejo Block.",42,28,14,0.898270210862558,"Presbyterian","Piedmont",6,5,0,0,NA,400992373,2017-12-21
128,1,"0:51",1251,1251,"Taylor Mills Defensive Rebound.",42,28,14,0.898270210862558,"Presbyterian","Piedmont",6,5,0,0,NA,400992373,2017-12-21
129,1,"0:47",1247,1247,"Landry Assinesi made Jumper.",42,30,12,0.870646261662858,"Presbyterian","Piedmont",6,5,0,0,NA,400992373,2017-12-21
130,1,"0:17",1217,1217,"Reggie Dillard missed Layup.",42,30,12,0.882163353519186,"Presbyterian","Piedmont",6,5,0,0,NA,400992373,2017-12-21
131,1,"0:17",1217,1217,"Presbyterian Offensive Rebound.",42,30,12,0.882163353519186,"Presbyterian","Piedmont",6,5,0,0,NA,400992373,2017-12-21
132,1,"0:16",1216,1216,"Reggie Dillard made Three Point Jumper. Assisted by Francois Lewis.",45,30,15,0.924685203315513,"Presbyterian","Piedmont",6,5,0,0,NA,400992373,2017-12-21
133,1,"0:05",1205,1205,"Elijah Alston made Three Point Jumper. Assisted by Landry Assinesi.",45,33,12,0.876585583541995,"Presbyterian","Piedmont",6,5,0,0,NA,400992373,2017-12-21
134,1,"0:00",1200,1200,"End of 1st half",45,33,12,0.876585583541995,"Presbyterian","Piedmont",6,5,0,0,NA,400992373,2017-12-21
135,2,"20:00",1200,1200,"PLAY",45,33,12,0.876585583541995,"Presbyterian","Piedmont",6,5,0,0,NA,400992373,2017-12-21
136,2,"19:43",1183,1183,"Foul on JC Younger.",45,33,12,0.884204685633894,"Presbyterian","Piedmont",6,5,0,0,NA,400992373,2017-12-21
137,2,"19:43",1183,1183,"Taylor Mills made Free Throw.",45,34,11,0.866147770705271,"Presbyterian","Piedmont",6,5,0,0,NA,400992373,2017-12-21
138,2,"19:43",1183,1183,"Taylor Mills made Free Throw.",45,35,10,0.845766252338091,"Presbyterian","Piedmont",6,5,0,0,NA,400992373,2017-12-21
139,2,"19:31",1171,1171,"Davon Bell missed Three Point Jumper.",45,35,10,0.846696240855615,"Presbyterian","Piedmont",6,5,0,0,NA,400992373,2017-12-21
140,2,"19:31",1171,1171,"Taylor Mills Defensive Rebound.",45,35,10,0.846696240855615,"Presbyterian","Piedmont",6,5,0,0,NA,400992373,2017-12-21
141,2,"19:13",1153,1153,"Elijah Alston missed Jumper.",45,35,10,0.844651033792728,"Presbyterian","Piedmont",6,5,0,0,NA,400992373,2017-12-21
142,2,"19:13",1153,1153,"Elijah Alston Offensive Rebound.",45,35,10,0.844651033792728,"Presbyterian","Piedmont",6,5,0,0,NA,400992373,2017-12-21
143,2,"19:08",1148,1148,"Elijah Alston Turnover.",45,35,10,0.857212753857468,"Presbyterian","Piedmont",6,5,0,0,NA,400992373,2017-12-21
144,2,"19:07",1147,1147,"Francois Lewis Steal.",45,35,10,0.857212753857468,"Presbyterian","Piedmont",6,5,0,0,NA,400992373,2017-12-21
145,2,"19:02",1142,1142,"Davon Bell made Layup.",47,35,12,0.894424408251295,"Presbyterian","Piedmont",6,5,0,0,NA,400992373,2017-12-21
146,2,"18:47",1127,1127,"Marquise Lanier missed Three Point Jumper.",47,35,12,0.905909225299421,"Presbyterian","Piedmont",6,5,0,0,NA,400992373,2017-12-21
147,2,"18:47",1127,1127,"JC Younger Defensive Rebound.",47,35,12,0.905909225299421,"Presbyterian","Piedmont",6,5,0,0,NA,400992373,2017-12-21
148,2,"18:34",1114,1114,"Francois Lewis missed Jumper.",47,35,12,0.897102793188225,"Presbyterian","Piedmont",6,5,0,0,NA,400992373,2017-12-21
149,2,"18:34",1114,1114,"Justin Vallejo Defensive Rebound.",47,35,12,0.897102793188225,"Presbyterian","Piedmont",6,5,0,0,NA,400992373,2017-12-21
150,2,"18:19",1099,1099,"Taylor Mills made Jumper. Assisted by Marquise Lanier.",47,37,10,0.858515632839641,"Presbyterian","Piedmont",6,5,0,0,NA,400992373,2017-12-21
151,2,"17:54",1074,1074,"Foul on Marquise Lanier.",47,37,10,0.857639231976918,"Presbyterian","Piedmont",6,5,0,0,NA,400992373,2017-12-21
152,2,"17:54",1074,1074,"Reggie Dillard made Free Throw.",48,37,11,0.876990539482843,"Presbyterian","Piedmont",6,5,0,0,NA,400992373,2017-12-21
153,2,"17:54",1074,1074,"Reggie Dillard missed Free Throw.",48,37,11,0.876990539482843,"Presbyterian","Piedmont",6,5,0,0,NA,400992373,2017-12-21
154,2,"17:54",1074,1074,"Piedmont (GA) Defensive Rebound.",48,37,11,0.876990539482843,"Presbyterian","Piedmont",6,5,0,0,NA,400992373,2017-12-21
155,2,"17:42",1062,1062,"Elijah Alston made Jumper.",48,39,9,0.84418584902208,"Presbyterian","Piedmont",6,5,0,0,NA,400992373,2017-12-21
156,2,"17:42",1062,1062,"Foul on Francois Lewis.",48,39,9,0.84418584902208,"Presbyterian","Piedmont",6,5,0,0,NA,400992373,2017-12-21
157,2,"17:42",1062,1062,"Elijah Alston made Free Throw.",48,40,8,0.820138905604288,"Presbyterian","Piedmont",6,5,0,0,NA,400992373,2017-12-21
158,2,"17:29",1049,1049,"JC Younger missed Layup.",48,40,8,0.82158656277393,"Presbyterian","Piedmont",6,5,0,0,NA,400992373,2017-12-21
159,2,"17:29",1049,1049,"Elijah Alston Block.",48,40,8,0.82158656277393,"Presbyterian","Piedmont",6,5,0,0,NA,400992373,2017-12-21
160,2,"17:29",1049,1049,"Piedmont (GA) Defensive Rebound.",48,40,8,0.82158656277393,"Presbyterian","Piedmont",6,5,0,0,NA,400992373,2017-12-21
161,2,"17:22",1042,1042,"Justin Vallejo missed Jumper.",48,40,8,0.82158656277393,"Presbyterian","Piedmont",6,5,0,0,NA,400992373,2017-12-21
162,2,"17:22",1042,1042,"Elijah Alston Offensive Rebound.",48,40,8,0.82158656277393,"Presbyterian","Piedmont",6,5,0,0,NA,400992373,2017-12-21
163,2,"17:17",1037,1037,"Elijah Alston missed Layup.",48,40,8,0.802299434852249,"Presbyterian","Piedmont",6,5,0,0,NA,400992373,2017-12-21
164,2,"17:17",1037,1037,"Marquise Lanier Offensive Rebound.",48,40,8,0.802299434852249,"Presbyterian","Piedmont",6,5,0,0,NA,400992373,2017-12-21
165,2,"17:12",1032,1032,"Justin Vallejo missed Three Point Jumper.",48,40,8,0.802299434852249,"Presbyterian","Piedmont",6,5,0,0,NA,400992373,2017-12-21
166,2,"17:12",1032,1032,"Reggie Dillard Defensive Rebound.",48,40,8,0.802299434852249,"Presbyterian","Piedmont",6,5,0,0,NA,400992373,2017-12-21
167,2,"17:02",1022,1022,"Davon Bell Turnover.",48,40,8,0.821707623256124,"Presbyterian","Piedmont",6,5,0,0,NA,400992373,2017-12-21
168,2,"17:00",1020,1020,"Taylor Mills Steal.",48,40,8,0.821707623256124,"Presbyterian","Piedmont",6,5,0,0,NA,400992373,2017-12-21
169,2,"16:58",1018,1018,"Foul on Reggie Dillard.",48,40,8,0.805166324298185,"Presbyterian","Piedmont",6,5,0,0,NA,400992373,2017-12-21
170,2,"16:56",1016,1016,"Taylor Mills made Layup. Assisted by Landry Assinesi.",48,42,6,0.741463673010755,"Presbyterian","Piedmont",6,5,0,0,NA,400992373,2017-12-21
171,2,"16:51",1011,1011,"Presbyterian  Timeout",48,42,6,0.741463673010755,"Presbyterian","Piedmont",6,4,0,1,NA,400992373,2017-12-21
172,2,"16:28",988,988,"JC Younger missed Jumper.",48,42,6,0.791339545986083,"Presbyterian","Piedmont",6,4,0,1,NA,400992373,2017-12-21
173,2,"16:28",988,988,"Elijah Alston Defensive Rebound.",48,42,6,0.791339545986083,"Presbyterian","Piedmont",6,4,0,1,NA,400992373,2017-12-21
174,2,"16:18",978,978,"Taylor Mills missed Layup.",48,42,6,0.763960459235998,"Presbyterian","Piedmont",6,4,0,1,NA,400992373,2017-12-21
175,2,"16:18",978,978,"Ethan Kay Defensive Rebound.",48,42,6,0.763960459235998,"Presbyterian","Piedmont",6,4,0,1,NA,400992373,2017-12-21
176,2,"16:13",973,973,"Ethan Kay missed Three Point Jumper.",48,42,6,0.763960459235998,"Presbyterian","Piedmont",6,4,0,1,NA,400992373,2017-12-21
177,2,"16:13",973,973,"JC Younger Offensive Rebound.",48,42,6,0.763960459235998,"Presbyterian","Piedmont",6,4,0,1,NA,400992373,2017-12-21
178,2,"16:09",969,969,"JC Younger missed Three Point Jumper.",48,42,6,0.759182835430183,"Presbyterian","Piedmont",6,4,0,1,NA,400992373,2017-12-21
179,2,"16:09",969,969,"Landry Assinesi Defensive Rebound.",48,42,6,0.759182835430183,"Presbyterian","Piedmont",6,4,0,1,NA,400992373,2017-12-21
180,2,"15:55",955,955,"Elijah Alston missed Jumper.",48,42,6,0.757971381332164,"Presbyterian","Piedmont",6,4,0,1,NA,400992373,2017-12-21
181,2,"15:55",955,955,"Armel TeTe Defensive Rebound.",48,42,6,0.757971381332164,"Presbyterian","Piedmont",6,4,0,1,NA,400992373,2017-12-21
182,2,"15:46",946,946,"Davon Bell made Layup.",50,42,8,0.840358851808088,"Presbyterian","Piedmont",6,4,0,0,NA,400992373,2017-12-21
183,2,"15:22",922,922,"Justin Vallejo missed Layup.",50,42,8,0.819307206888456,"Presbyterian","Piedmont",6,4,0,0,NA,400992373,2017-12-21
184,2,"15:22",922,922,"Elijah Alston Offensive Rebound.",50,42,8,0.819307206888456,"Presbyterian","Piedmont",6,4,0,0,NA,400992373,2017-12-21
185,2,"15:22",922,922,"Foul on Elijah Alston.",50,42,8,0.819307206888456,"Presbyterian","Piedmont",6,4,0,0,NA,400992373,2017-12-21
186,2,"15:22",922,922,"Elijah Alston Turnover.",50,42,8,0.819307206888456,"Presbyterian","Piedmont",6,4,0,0,NA,400992373,2017-12-21
187,2,"15:22",922,922,"Official TV Timeout",50,42,8,0.819307206888456,"Presbyterian","Piedmont",6,4,0,0,NA,400992373,2017-12-21
188,2,"15:08",908,908,"Reggie Dillard missed Three Point Jumper.",50,42,8,0.830141706255538,"Presbyterian","Piedmont",6,4,0,0,NA,400992373,2017-12-21
189,2,"15:08",908,908,"Justin Vallejo Defensive Rebound.",50,42,8,0.830141706255538,"Presbyterian","Piedmont",6,4,0,0,NA,400992373,2017-12-21
190,2,"14:43",883,883,"Foul on Davon Bell.",50,42,8,0.805529460724074,"Presbyterian","Piedmont",6,4,0,0,NA,400992373,2017-12-21
191,2,"14:33",873,873,"Elijah Alston made Jumper.",50,44,6,0.773743574685529,"Presbyterian","Piedmont",6,4,0,0,NA,400992373,2017-12-21
192,2,"14:12",852,852,"Foul on Jaron Withers.",50,44,6,0.79476465122733,"Presbyterian","Piedmont",6,4,0,0,NA,400992373,2017-12-21
193,2,"14:12",852,852,"Jaron Withers Turnover.",50,44,6,0.79476465122733,"Presbyterian","Piedmont",6,4,0,0,NA,400992373,2017-12-21
194,2,"13:48",828,828,"Marquise Lanier missed Jumper.",50,44,6,0.764169481725668,"Presbyterian","Piedmont",6,4,0,0,NA,400992373,2017-12-21
195,2,"13:48",828,828,"Reggie Dillard Defensive Rebound.",50,44,6,0.764169481725668,"Presbyterian","Piedmont",6,4,0,0,NA,400992373,2017-12-21
196,2,"13:38",818,818,"Foul on Justin Vallejo.",50,44,6,0.759790159679361,"Presbyterian","Piedmont",6,4,0,0,NA,400992373,2017-12-21
197,2,"13:36",816,816,"Jaron Withers Turnover.",50,44,6,0.759790159679361,"Presbyterian","Piedmont",6,4,0,0,NA,400992373,2017-12-21
198,2,"13:24",804,804,"Foul on Davon Bell.",50,44,6,0.791808619209622,"Presbyterian","Piedmont",6,4,0,0,NA,400992373,2017-12-21
199,2,"13:22",802,802,"Marquise Lanier made Three Point Jumper. Assisted by Landry Assinesi.",50,47,3,0.673947962613359,"Presbyterian","Piedmont",6,4,0,0,NA,400992373,2017-12-21
200,2,"12:56",776,776,"Reggie Dillard made Layup.",52,47,5,0.752136238502391,"Presbyterian","Piedmont",6,4,0,0,NA,400992373,2017-12-21
201,2,"12:56",776,776,"Foul on Justin Vallejo.",52,47,5,0.752136238502391,"Presbyterian","Piedmont",6,4,0,0,NA,400992373,2017-12-21
202,2,"12:56",776,776,"Reggie Dillard made Free Throw.",53,47,6,0.789212627816677,"Presbyterian","Piedmont",6,4,0,0,NA,400992373,2017-12-21
203,2,"12:46",766,766,"Elijah Alston made Jumper.",53,49,4,0.728440906888978,"Presbyterian","Piedmont",6,4,0,0,NA,400992373,2017-12-21
204,2,"12:45",765,765,"Piedmont (GA)  Timeout",53,49,4,0.728440906888978,"Presbyterian","Piedmont",6,3,0,1,NA,400992373,2017-12-21
205,2,"12:36",756,756,"Reggie Dillard made Layup. Assisted by Romeo Crouch.",55,49,6,0.793230818376537,"Presbyterian","Piedmont",6,3,0,1,NA,400992373,2017-12-21
206,2,"12:20",740,740,"Justin Vallejo Turnover.",55,49,6,0.793650032163382,"Presbyterian","Piedmont",6,3,0,1,NA,400992373,2017-12-21
207,2,"12:08",728,728,"Reggie Dillard Turnover.",55,49,6,0.81266210909143,"Presbyterian","Piedmont",6,3,0,1,NA,400992373,2017-12-21
208,2,"12:07",727,727,"Elijah Alston Steal.",55,49,6,0.81266210909143,"Presbyterian","Piedmont",6,3,0,1,NA,400992373,2017-12-21
209,2,"11:47",707,707,"Landry Assinesi made Jumper.",55,51,4,0.725361579289574,"Presbyterian","Piedmont",6,3,0,1,NA,400992373,2017-12-21
210,2,"11:29",689,689,"Francois Lewis made Jumper. Assisted by Reggie Dillard.",57,51,6,0.795956433874942,"Presbyterian","Piedmont",6,3,0,0,NA,400992373,2017-12-21
211,2,"11:29",689,689,"Foul on Justin Vallejo.",57,51,6,0.795956433874942,"Presbyterian","Piedmont",6,3,0,0,NA,400992373,2017-12-21
212,2,"11:29",689,689,"Official TV Timeout",57,51,6,0.795956433874942,"Presbyterian","Piedmont",6,3,0,0,NA,400992373,2017-12-21
213,2,"11:29",689,689,"Francois Lewis missed Free Throw.",57,51,6,0.795956433874942,"Presbyterian","Piedmont",6,3,0,0,NA,400992373,2017-12-21
214,2,"11:29",689,689,"Reggie Dillard Offensive Rebound.",57,51,6,0.795956433874942,"Presbyterian","Piedmont",6,3,0,0,NA,400992373,2017-12-21
215,2,"11:29",689,689,"Francois Lewis made Layup. Assisted by Reggie Dillard.",59,51,8,0.859158078519269,"Presbyterian","Piedmont",6,3,0,0,NA,400992373,2017-12-21
216,2,"11:29",689,689,"Elijah Alston Turnover.",59,51,8,0.859158078519269,"Presbyterian","Piedmont",6,3,0,0,NA,400992373,2017-12-21
217,2,"11:29",689,689,"Francois Lewis Steal.",59,51,8,0.859158078519269,"Presbyterian","Piedmont",6,3,0,0,NA,400992373,2017-12-21
218,2,"11:25",685,685,"Foul on Marquise Lanier.",59,51,8,0.859158078519269,"Presbyterian","Piedmont",6,3,0,0,NA,400992373,2017-12-21
219,2,"11:01",661,661,"Reggie Dillard made Jumper. Assisted by Francois Lewis.",61,51,10,0.917224053552334,"Presbyterian","Piedmont",6,3,0,0,NA,400992373,2017-12-21
220,2,"10:46",646,646,"Marquise Lanier missed Jumper.",61,51,10,0.92321127139545,"Presbyterian","Piedmont",6,3,0,0,NA,400992373,2017-12-21
221,2,"10:46",646,646,"Elijah Alston Offensive Rebound.",61,51,10,0.92321127139545,"Presbyterian","Piedmont",6,3,0,0,NA,400992373,2017-12-21
222,2,"10:45",645,645,"Foul on Reggie Dillard.",61,51,10,0.92321127139545,"Presbyterian","Piedmont",6,3,0,0,NA,400992373,2017-12-21
223,2,"10:45",645,645,"Elijah Alston missed Free Throw.",61,51,10,0.92321127139545,"Presbyterian","Piedmont",6,3,0,0,NA,400992373,2017-12-21
224,2,"10:45",645,645,"Presbyterian Defensive Rebound.",61,51,10,0.92321127139545,"Presbyterian","Piedmont",6,3,0,0,NA,400992373,2017-12-21
225,2,"10:31",631,631,"Francois Lewis made Layup. Assisted by Reggie Dillard.",63,51,12,0.947328966802297,"Presbyterian","Piedmont",6,3,0,0,NA,400992373,2017-12-21
226,2,"10:02",602,602,"Justin Vallejo missed Three Point Jumper.",63,51,12,0.952837264918936,"Presbyterian","Piedmont",6,3,0,0,NA,400992373,2017-12-21
227,2,"10:02",602,602,"Jaron Withers Defensive Rebound.",63,51,12,0.952837264918936,"Presbyterian","Piedmont",6,3,0,0,NA,400992373,2017-12-21
228,2,"9:53",593,593,"Ethan Kay missed Three Point Jumper.",63,51,12,0.949876775563333,"Presbyterian","Piedmont",6,3,0,0,NA,400992373,2017-12-21
229,2,"9:53",593,593,"Jordan Foote Defensive Rebound.",63,51,12,0.949876775563333,"Presbyterian","Piedmont",6,3,0,0,NA,400992373,2017-12-21
230,2,"9:45",585,585,"Elijah Alston made Three Point Jumper. Assisted by Landry Assinesi.",63,54,9,0.902435618290847,"Presbyterian","Piedmont",6,3,0,0,NA,400992373,2017-12-21
231,2,"9:21",561,561,"Reggie Dillard made Three Point Jumper. Assisted by Jaron Withers.",66,54,12,0.960502902163174,"Presbyterian","Piedmont",6,3,0,0,NA,400992373,2017-12-21
232,2,"9:06",546,546,"Elijah Alston missed Three Point Jumper.",66,54,12,0.961207277526589,"Presbyterian","Piedmont",6,3,0,0,NA,400992373,2017-12-21
233,2,"9:06",546,546,"Jaron Withers Defensive Rebound.",66,54,12,0.961207277526589,"Presbyterian","Piedmont",6,3,0,0,NA,400992373,2017-12-21
234,2,"8:44",524,524,"Ethan Kay made Three Point Jumper. Assisted by Francois Lewis.",69,54,15,0.985405911669967,"Presbyterian","Piedmont",6,3,0,0,NA,400992373,2017-12-21
235,2,"8:27",507,507,"Justin Vallejo Turnover.",69,54,15,0.985500809251151,"Presbyterian","Piedmont",6,3,0,0,NA,400992373,2017-12-21
236,2,"8:26",506,506,"Ethan Kay Steal.",69,54,15,0.985500809251151,"Presbyterian","Piedmont",6,3,0,0,NA,400992373,2017-12-21
237,2,"8:01",481,481,"Ethan Kay missed Three Point Jumper.",69,54,15,0.984774367639729,"Presbyterian","Piedmont",6,3,0,0,NA,400992373,2017-12-21
238,2,"8:01",481,481,"Romeo Crouch Offensive Rebound.",69,54,15,0.984774367639729,"Presbyterian","Piedmont",6,3,0,0,NA,400992373,2017-12-21
239,2,"7:37",457,457,"Romeo Crouch missed Jumper.",69,54,15,0.99178559268127,"Presbyterian","Piedmont",6,3,0,0,NA,400992373,2017-12-21
240,2,"7:37",457,457,"Elijah Alston Defensive Rebound.",69,54,15,0.99178559268127,"Presbyterian","Piedmont",6,3,0,0,NA,400992373,2017-12-21
241,2,"7:26",446,446,"Jordan Foote missed Layup.",69,54,15,0.985704755732414,"Presbyterian","Piedmont",6,3,0,0,NA,400992373,2017-12-21
242,2,"7:26",446,446,"Jaron Withers Defensive Rebound.",69,54,15,0.985704755732414,"Presbyterian","Piedmont",6,3,0,0,NA,400992373,2017-12-21
243,2,"7:19",439,439,"JC Younger missed Three Point Jumper.",69,54,15,0.99115467109601,"Presbyterian","Piedmont",6,3,0,0,NA,400992373,2017-12-21
244,2,"7:19",439,439,"Miles Riley Defensive Rebound.",69,54,15,0.99115467109601,"Presbyterian","Piedmont",6,3,0,0,NA,400992373,2017-12-21
245,2,"7:09",429,429,"Justin Vallejo missed Layup.",69,54,15,0.988656253638425,"Presbyterian","Piedmont",6,3,0,0,NA,400992373,2017-12-21
246,2,"7:09",429,429,"Armel TeTe Block.",69,54,15,0.988656253638425,"Presbyterian","Piedmont",6,3,0,0,NA,400992373,2017-12-21
247,2,"7:07",427,427,"Jaron Withers Defensive Rebound.",69,54,15,0.988656253638425,"Presbyterian","Piedmont",6,3,0,0,NA,400992373,2017-12-21
248,2,"7:03",423,423,"Romeo Crouch missed Layup.",69,54,15,0.988656253638425,"Presbyterian","Piedmont",6,3,0,0,NA,400992373,2017-12-21
249,2,"7:03",423,423,"Justin Vallejo Defensive Rebound.",69,54,15,0.988656253638425,"Presbyterian","Piedmont",6,3,0,0,NA,400992373,2017-12-21
250,2,"6:54",414,414,"Piedmont (GA)  Timeout",69,54,15,0.989587835055918,"Presbyterian","Piedmont",6,2,0,1,NA,400992373,2017-12-21
251,2,"6:48",408,408,"Miles Riley missed Layup.",69,54,15,0.993024114599539,"Presbyterian","Piedmont",6,2,0,1,NA,400992373,2017-12-21
252,2,"6:48",408,408,"Armel TeTe Defensive Rebound.",69,54,15,0.993024114599539,"Presbyterian","Piedmont",6,2,0,1,NA,400992373,2017-12-21
253,2,"6:43",403,403,"Reggie Dillard missed Three Point Jumper.",69,54,15,0.993024114599539,"Presbyterian","Piedmont",6,2,0,1,NA,400992373,2017-12-21
254,2,"6:43",403,403,"Nick Ryan Defensive Rebound.",69,54,15,0.993024114599539,"Presbyterian","Piedmont",6,2,0,1,NA,400992373,2017-12-21
255,2,"6:26",386,386,"Miles Riley missed Jumper.",69,54,15,0.989217343864487,"Presbyterian","Piedmont",6,2,0,1,NA,400992373,2017-12-21
256,2,"6:26",386,386,"Nick Ryan Offensive Rebound.",69,54,15,0.989217343864487,"Presbyterian","Piedmont",6,2,0,1,NA,400992373,2017-12-21
257,2,"6:22",382,382,"Jordan Foote missed Three Point Jumper.",69,54,15,0.989217343864487,"Presbyterian","Piedmont",6,2,0,1,NA,400992373,2017-12-21
258,2,"6:22",382,382,"Miles Riley Offensive Rebound.",69,54,15,0.989217343864487,"Presbyterian","Piedmont",6,2,0,1,NA,400992373,2017-12-21
259,2,"6:17",377,377,"Foul on Davon Bell.",69,54,15,0.990466531768837,"Presbyterian","Piedmont",6,2,0,1,NA,400992373,2017-12-21
260,2,"6:17",377,377,"Miles Riley made Free Throw.",69,55,14,0.987050991725564,"Presbyterian","Piedmont",6,2,0,1,NA,400992373,2017-12-21
261,2,"6:17",377,377,"Miles Riley made Free Throw.",69,56,13,0.982433474454013,"Presbyterian","Piedmont",6,2,0,1,NA,400992373,2017-12-21
262,2,"5:56",356,356,"Foul on Taylor Mills.",69,56,13,0.986767997787515,"Presbyterian","Piedmont",6,2,0,1,NA,400992373,2017-12-21
263,2,"5:56",356,356,"Reggie Dillard made Free Throw.",70,56,14,0.990548333512054,"Presbyterian","Piedmont",6,2,0,1,NA,400992373,2017-12-21
264,2,"5:56",356,356,"Reggie Dillard made Free Throw.",71,56,15,0.993256022193403,"Presbyterian","Piedmont",6,2,0,1,NA,400992373,2017-12-21
265,2,"5:52",352,352,"Taylor Mills missed Jumper.",71,56,15,0.993256022193403,"Presbyterian","Piedmont",6,2,0,0,NA,400992373,2017-12-21
266,2,"5:52",352,352,"Romeo Crouch Defensive Rebound.",71,56,15,0.993256022193403,"Presbyterian","Piedmont",6,2,0,0,NA,400992373,2017-12-21
267,2,"5:46",346,346,"Foul on Miles Riley.",71,56,15,0.992882054777312,"Presbyterian","Piedmont",6,2,0,0,NA,400992373,2017-12-21
268,2,"5:39",339,339,"Romeo Crouch made Free Throw.",72,56,16,0.996943474299393,"Presbyterian","Piedmont",6,2,0,0,NA,400992373,2017-12-21
269,2,"5:39",339,339,"Romeo Crouch missed Free Throw.",72,56,16,0.996943474299393,"Presbyterian","Piedmont",6,2,0,0,NA,400992373,2017-12-21
270,2,"5:39",339,339,"Reggie Dillard Offensive Rebound.",72,56,16,0.996943474299393,"Presbyterian","Piedmont",6,2,0,0,NA,400992373,2017-12-21
271,2,"5:24",324,324,"Ethan Kay missed Jumper.",72,56,16,0.993353172706643,"Presbyterian","Piedmont",6,2,0,0,NA,400992373,2017-12-21
272,2,"5:24",324,324,"Taylor Mills Defensive Rebound.",72,56,16,0.993353172706643,"Presbyterian","Piedmont",6,2,0,0,NA,400992373,2017-12-21
273,2,"5:16",316,316,"Foul on Nick Ryan.",72,56,16,0.99741644185849,"Presbyterian","Piedmont",6,2,0,0,NA,400992373,2017-12-21
274,2,"5:03",303,303,"JC Younger made Jumper.",74,56,18,0.997925157499212,"Presbyterian","Piedmont",6,2,0,0,NA,400992373,2017-12-21
275,2,"4:49",289,289,"Nick Ryan missed Jumper.",74,56,18,0.998266343865469,"Presbyterian","Piedmont",6,2,0,0,NA,400992373,2017-12-21
276,2,"4:49",289,289,"Reggie Dillard Defensive Rebound.",74,56,18,0.998266343865469,"Presbyterian","Piedmont",6,2,0,0,NA,400992373,2017-12-21
277,2,"4:35",275,275,"Ethan Kay missed Three Point Jumper.",74,56,18,0.999047667384843,"Presbyterian","Piedmont",6,2,0,0,NA,400992373,2017-12-21
278,2,"4:35",275,275,"Nick Ryan Defensive Rebound.",74,56,18,0.999047667384843,"Presbyterian","Piedmont",6,2,0,0,NA,400992373,2017-12-21
279,2,"4:15",255,255,"Landry Assinesi missed Three Point Jumper.",74,56,18,0.999548639851513,"Presbyterian","Piedmont",6,2,0,0,NA,400992373,2017-12-21
280,2,"4:15",255,255,"Presbyterian Defensive Rebound.",74,56,18,0.999548639851513,"Presbyterian","Piedmont",6,2,0,0,NA,400992373,2017-12-21
281,2,"4:01",241,241,"JC Younger missed Layup.",74,56,18,0.99933667990048,"Presbyterian","Piedmont",6,2,0,0,NA,400992373,2017-12-21
282,2,"4:01",241,241,"Josh Randolph Defensive Rebound.",74,56,18,0.99933667990048,"Presbyterian","Piedmont",6,2,0,0,NA,400992373,2017-12-21
283,2,"3:54",234,234,"Landry Assinesi made Layup.",74,58,16,0.998638625908371,"Presbyterian","Piedmont",6,2,0,0,NA,400992373,2017-12-21
284,2,"3:21",201,201,"Reggie Dillard missed Three Point Jumper.",74,58,16,0.999352872379602,"Presbyterian","Piedmont",6,2,0,0,NA,400992373,2017-12-21
285,2,"3:21",201,201,"JC Younger Offensive Rebound.",74,58,16,0.999352872379602,"Presbyterian","Piedmont",6,2,0,0,NA,400992373,2017-12-21
286,2,"3:00",180,180,"Ethan Kay missed Jumper.",74,58,16,0.999567915387428,"Presbyterian","Piedmont",6,2,0,0,NA,400992373,2017-12-21
287,2,"3:00",180,180,"Landry Assinesi Defensive Rebound.",74,58,16,0.999567915387428,"Presbyterian","Piedmont",6,2,0,0,NA,400992373,2017-12-21
288,2,"2:48",168,168,"Landry Assinesi made Jumper.",74,60,14,0.999320521670044,"Presbyterian","Piedmont",6,2,0,0,NA,400992373,2017-12-21
289,2,"2:37",157,157,"Romeo Crouch Turnover.",74,60,14,0.999534359140286,"Presbyterian","Piedmont",6,2,0,0,NA,400992373,2017-12-21
290,2,"2:37",157,157,"Official TV Timeout",74,60,14,0.999534359140286,"Presbyterian","Piedmont",6,2,0,0,NA,400992373,2017-12-21
291,2,"2:33",153,153,"Miles Riley Turnover.",74,60,14,0.999534359140286,"Presbyterian","Piedmont",6,2,0,0,NA,400992373,2017-12-21
292,2,"2:32",152,152,"Romeo Crouch Steal.",74,60,14,0.999534359140286,"Presbyterian","Piedmont",6,2,0,0,NA,400992373,2017-12-21
293,2,"2:15",135,135,"Ethan Kay Turnover.",74,60,14,0.999631911476966,"Presbyterian","Piedmont",6,2,0,0,NA,400992373,2017-12-21
294,2,"2:14",134,134,"Nick Ryan Steal.",74,60,14,0.999631911476966,"Presbyterian","Piedmont",6,2,0,0,NA,400992373,2017-12-21
295,2,"2:08",128,128,"Landry Assinesi missed Jumper.",74,60,14,0.999623705356034,"Presbyterian","Piedmont",6,2,0,0,NA,400992373,2017-12-21
296,2,"2:08",128,128,"Josh Randolph Offensive Rebound.",74,60,14,0.999623705356034,"Presbyterian","Piedmont",6,2,0,0,NA,400992373,2017-12-21
297,2,"2:04",124,124,"Josh Randolph missed Jumper.",74,60,14,0.999623705356034,"Presbyterian","Piedmont",6,2,0,0,NA,400992373,2017-12-21
298,2,"2:04",124,124,"Miles Riley Offensive Rebound.",74,60,14,0.999623705356034,"Presbyterian","Piedmont",6,2,0,0,NA,400992373,2017-12-21
299,2,"1:56",116,116,"Miles Riley missed Jumper.",74,60,14,0.999807638892774,"Presbyterian","Piedmont",6,2,0,0,NA,400992373,2017-12-21
300,2,"1:56",116,116,"Francois Lewis Defensive Rebound.",74,60,14,0.999807638892774,"Presbyterian","Piedmont",6,2,0,0,NA,400992373,2017-12-21
301,2,"1:27",87,87,"Francois Lewis made Jumper. Assisted by Ethan Kay.",76,60,16,0.999991198223929,"Presbyterian","Piedmont",6,2,0,0,NA,400992373,2017-12-21
302,2,"1:10",70,70,"Landry Assinesi Turnover.",76,60,16,0.99999159913629,"Presbyterian","Piedmont",6,2,0,0,NA,400992373,2017-12-21
303,2,"1:09",69,69,"Davon Bell Steal.",76,60,16,0.999992386486926,"Presbyterian","Piedmont",6,2,0,0,NA,400992373,2017-12-21
304,2,"1:05",65,65,"Foul on Miles Riley.",76,60,16,0.999992386486926,"Presbyterian","Piedmont",6,2,0,1,NA,400992373,2017-12-21
305,2,"1:05",65,65,"Davon Bell missed Free Throw.",76,60,16,0.999992386486926,"Presbyterian","Piedmont",6,2,0,1,NA,400992373,2017-12-21
306,2,"1:05",65,65,"Presbyterian Deadball Team Rebound.",76,60,16,0.999992386486926,"Presbyterian","Piedmont",6,2,0,1,NA,400992373,2017-12-21
307,2,"1:05",65,65,"Davon Bell made Free Throw.",77,60,17,0.999996375620578,"Presbyterian","Piedmont",6,2,0,1,NA,400992373,2017-12-21
308,2,"1:05",65,65,"Presbyterian  Timeout",77,60,17,0.999996375620578,"Presbyterian","Piedmont",6,1,0,1,NA,400992373,2017-12-21
309,2,"0:57",57,57,"Marquise Lanier missed Three Point Jumper.",77,60,17,0.999999652825412,"Presbyterian","Piedmont",6,1,0,1,NA,400992373,2017-12-21
310,2,"0:57",57,57,"JC Younger Defensive Rebound.",77,60,17,0.999999652825412,"Presbyterian","Piedmont",6,1,0,1,NA,400992373,2017-12-21
311,2,"0:20",20,20,"Romeo Crouch missed Jumper.",77,60,17,0.999999999999242,"Presbyterian","Piedmont",6,1,0,1,NA,400992373,2017-12-21
312,2,"0:20",20,20,"JC Younger Offensive Rebound.",77,60,17,0.999999999999242,"Presbyterian","Piedmont",6,1,0,1,NA,400992373,2017-12-21
313,2,"0:17",17,17,"JC Younger missed Layup.",77,60,17,0.999999995886839,"Presbyterian","Piedmont",6,1,0,1,NA,400992373,2017-12-21
314,2,"0:17",17,17,"Marquise Lanier Defensive Rebound.",77,60,17,0.999999995886839,"Presbyterian","Piedmont",6,1,0,1,NA,400992373,2017-12-21
315,2,"0:05",5,5,"Marquise Lanier missed Layup.",77,60,17,0.999999999999403,"Presbyterian","Piedmont",6,1,0,1,NA,400992373,2017-12-21
316,2,"0:05",5,5,"Jaron Withers Defensive Rebound.",77,60,17,0.999999999999403,"Presbyterian","Piedmont",6,1,0,1,NA,400992373,2017-12-21
317,2,"0:00",0,0,"End of Game",77,60,17,1,"Presbyterian","Piedmont",6,1,0,0,NA,400992373,2017-12-21
