"play_id","half","time_remaining_half","secs_remaining","secs_remaining_absolute","description","home_score","away_score","score_diff","win_prob","home","away","home_time_out_remaining","away_time_out_remaining","home_timeout_ind","away_timeout_ind","home_favored_by","game_id","date"
1,1,"20:00",2400,2400,"PLAY",0,0,0,0.843741299182046,"San Francisco","Portland State",6,6,0,0,8.5,400915782,2016-12-16
2,1,"19:45",2385,2385,"Chase Foster made Layup.",2,0,2,0.84803218233783,"San Francisco","Portland State",6,6,0,0,8.5,400915782,2016-12-16
3,1,"19:26",2366,2366,"Traylin Farris missed Jumper.",2,0,2,0.834031495085174,"San Francisco","Portland State",6,6,0,0,8.5,400915782,2016-12-16
4,1,"19:26",2366,2366,"Chase Foster Defensive Rebound.",2,0,2,0.834031495085174,"San Francisco","Portland State",6,6,0,0,8.5,400915782,2016-12-16
5,1,"19:21",2361,2361,"Mladen Djordjevic made Layup.",4,0,4,0.843105081504631,"San Francisco","Portland State",6,6,0,0,8.5,400915782,2016-12-16
6,1,"19:03",2343,2343,"Traylin Farris made Jumper.",4,2,2,0.851271820969621,"San Francisco","Portland State",6,6,0,0,8.5,400915782,2016-12-16
7,1,"18:47",2327,2327,"Ronnie Boyce made Three Point Jumper. Assisted by Jimbo Lull.",7,2,5,0.896730830782841,"San Francisco","Portland State",6,6,0,0,8.5,400915782,2016-12-16
8,1,"18:37",2317,2317,"Calaen Robinson Turnover.",7,2,5,0.880464671181897,"San Francisco","Portland State",6,6,0,0,8.5,400915782,2016-12-16
9,1,"18:35",2315,2315,"Ronnie Boyce Steal.",7,2,5,0.880464671181897,"San Francisco","Portland State",6,6,0,0,8.5,400915782,2016-12-16
10,1,"18:26",2306,2306,"Jimbo Lull missed Layup.",7,2,5,0.882856774582087,"San Francisco","Portland State",6,6,0,0,8.5,400915782,2016-12-16
11,1,"18:26",2306,2306,"Jimbo Lull Offensive Rebound.",7,2,5,0.882856774582087,"San Francisco","Portland State",6,6,0,0,8.5,400915782,2016-12-16
12,1,"18:25",2305,2305,"Foul on Traylin Farris.",7,2,5,0.882856774582087,"San Francisco","Portland State",6,6,0,0,8.5,400915782,2016-12-16
13,1,"18:22",2302,2302,"Foul on Traylin Farris.",7,2,5,0.882856774582087,"San Francisco","Portland State",6,6,0,0,8.5,400915782,2016-12-16
14,1,"18:12",2292,2292,"Jimbo Lull made Layup. Assisted by Mladen Djordjevic.",9,2,7,0.907560562862899,"San Francisco","Portland State",6,6,0,0,8.5,400915782,2016-12-16
15,1,"17:53",2273,2273,"Brandon Hollins missed Three Point Jumper.",9,2,7,0.910044448366719,"San Francisco","Portland State",6,6,0,0,8.5,400915782,2016-12-16
16,1,"17:53",2273,2273,"Jimbo Lull Defensive Rebound.",9,2,7,0.910044448366719,"San Francisco","Portland State",6,6,0,0,8.5,400915782,2016-12-16
17,1,"17:44",2264,2264,"Ronnie Boyce missed Three Point Jumper.",9,2,7,0.923412528287046,"San Francisco","Portland State",6,6,0,0,8.5,400915782,2016-12-16
18,1,"17:44",2264,2264,"Nate Renfro Offensive Rebound.",9,2,7,0.923412528287046,"San Francisco","Portland State",6,6,0,0,8.5,400915782,2016-12-16
19,1,"17:38",2258,2258,"Ronnie Boyce made Layup.",11,2,9,0.917422481553653,"San Francisco","Portland State",6,6,0,0,8.5,400915782,2016-12-16
20,1,"17:20",2240,2240,"De'Sean Parsons Turnover.",11,2,9,0.912909483535507,"San Francisco","Portland State",6,6,0,0,8.5,400915782,2016-12-16
21,1,"17:20",2240,2240,"Ronnie Boyce Steal.",11,2,9,0.912909483535507,"San Francisco","Portland State",6,6,0,0,8.5,400915782,2016-12-16
22,1,"17:16",2236,2236,"Mladen Djordjevic missed Layup.",11,2,9,0.929280303405051,"San Francisco","Portland State",6,6,0,0,8.5,400915782,2016-12-16
23,1,"17:16",2236,2236,"Chase Foster Offensive Rebound.",11,2,9,0.929280303405051,"San Francisco","Portland State",6,6,0,0,8.5,400915782,2016-12-16
24,1,"17:14",2234,2234,"Chase Foster missed Layup.",11,2,9,0.929280303405051,"San Francisco","Portland State",6,6,0,0,8.5,400915782,2016-12-16
25,1,"17:14",2234,2234,"De'Sean Parsons Defensive Rebound.",11,2,9,0.929280303405051,"San Francisco","Portland State",6,6,0,0,8.5,400915782,2016-12-16
26,1,"17:12",2232,2232,"Foul on Chase Foster.",11,2,9,0.929280303405051,"San Francisco","Portland State",6,6,0,1,8.5,400915782,2016-12-16
27,1,"17:12",2232,2232,"Portland St  Timeout",11,2,9,0.929280303405051,"San Francisco","Portland State",6,5,0,1,8.5,400915782,2016-12-16
28,1,"16:57",2217,2217,"Ronnie Boyce missed Three Point Jumper.",11,2,9,0.938207870886344,"San Francisco","Portland State",6,5,0,1,8.5,400915782,2016-12-16
29,1,"16:57",2217,2217,"Deontae North Defensive Rebound.",11,2,9,0.938207870886344,"San Francisco","Portland State",6,5,0,1,8.5,400915782,2016-12-16
30,1,"16:47",2207,2207,"De'Sean Parsons missed Layup.",11,2,9,0.928830227375399,"San Francisco","Portland State",6,5,0,1,8.5,400915782,2016-12-16
31,1,"16:47",2207,2207,"De'Sean Parsons Offensive Rebound.",11,2,9,0.928830227375399,"San Francisco","Portland State",6,5,0,1,8.5,400915782,2016-12-16
32,1,"16:40",2200,2200,"Nate Renfro made Layup.",13,2,11,0.942414321165557,"San Francisco","Portland State",6,5,0,1,8.5,400915782,2016-12-16
33,1,"16:28",2188,2188,"Calaen Robinson missed Jumper.",13,2,11,0.939442422511397,"San Francisco","Portland State",6,5,0,1,8.5,400915782,2016-12-16
34,1,"16:28",2188,2188,"Mladen Djordjevic Defensive Rebound.",13,2,11,0.939442422511397,"San Francisco","Portland State",6,5,0,1,8.5,400915782,2016-12-16
35,1,"16:24",2184,2184,"Mladen Djordjevic Turnover.",13,2,11,0.939442422511397,"San Francisco","Portland State",6,5,0,1,8.5,400915782,2016-12-16
36,1,"16:23",2183,2183,"Brandon Hollins Steal.",13,2,11,0.939442422511397,"San Francisco","Portland State",6,5,0,1,8.5,400915782,2016-12-16
37,1,"16:07",2167,2167,"De'Sean Parsons missed Jumper.",13,2,11,0.939078984565387,"San Francisco","Portland State",6,5,0,0,8.5,400915782,2016-12-16
38,1,"16:07",2167,2167,"Nate Renfro Block.",13,2,11,0.939078984565387,"San Francisco","Portland State",6,5,0,0,8.5,400915782,2016-12-16
39,1,"16:06",2166,2166,"De'Sean Parsons Offensive Rebound.",13,2,11,0.939078984565387,"San Francisco","Portland State",6,5,0,0,8.5,400915782,2016-12-16
40,1,"16:03",2163,2163,"De'Sean Parsons made Layup.",13,4,9,0.925129576549117,"San Francisco","Portland State",6,5,0,0,8.5,400915782,2016-12-16
41,1,"15:45",2145,2145,"Matt McCarthy missed Layup.",13,4,9,0.922956320224825,"San Francisco","Portland State",6,5,0,0,8.5,400915782,2016-12-16
42,1,"15:45",2145,2145,"De'Sean Parsons Block.",13,4,9,0.922956320224825,"San Francisco","Portland State",6,5,0,0,8.5,400915782,2016-12-16
43,1,"15:42",2142,2142,"Calaen Robinson Defensive Rebound.",13,4,9,0.922956320224825,"San Francisco","Portland State",6,5,0,0,8.5,400915782,2016-12-16
44,1,"15:39",2139,2139,"Brandon Hollins missed Layup.",13,4,9,0.932266401245035,"San Francisco","Portland State",6,5,0,0,8.5,400915782,2016-12-16
45,1,"15:39",2139,2139,"Ronnie Boyce Defensive Rebound.",13,4,9,0.932266401245035,"San Francisco","Portland State",6,5,0,0,8.5,400915782,2016-12-16
46,1,"15:24",2124,2124,"Nate Renfro missed Three Point Jumper.",13,4,9,0.926783703596479,"San Francisco","Portland State",6,5,0,0,8.5,400915782,2016-12-16
47,1,"15:24",2124,2124,"Bryce Canda Defensive Rebound.",13,4,9,0.926783703596479,"San Francisco","Portland State",6,5,0,0,8.5,400915782,2016-12-16
48,1,"15:16",2116,2116,"Bryce Canda missed Jumper.",13,4,9,0.933143393967783,"San Francisco","Portland State",6,5,0,0,8.5,400915782,2016-12-16
49,1,"15:16",2116,2116,"Brandon Hollins Offensive Rebound.",13,4,9,0.933143393967783,"San Francisco","Portland State",6,5,0,0,8.5,400915782,2016-12-16
50,1,"15:13",2113,2113,"Brandon Hollins made Two Point Tip Shot.",13,6,7,0.916855449736728,"San Francisco","Portland State",6,5,0,0,8.5,400915782,2016-12-16
51,1,"14:55",2095,2095,"Matt McCarthy missed Layup.",13,6,7,0.911780963158755,"San Francisco","Portland State",6,5,0,0,8.5,400915782,2016-12-16
52,1,"14:55",2095,2095,"Zach Gengler Block.",13,6,7,0.911780963158755,"San Francisco","Portland State",6,5,0,0,8.5,400915782,2016-12-16
53,1,"14:49",2089,2089,"Zach Gengler Defensive Rebound.",13,6,7,0.906275111865237,"San Francisco","Portland State",6,5,0,0,8.5,400915782,2016-12-16
54,1,"14:38",2078,2078,"Zach Gengler made Jumper.",13,8,5,0.887222547638906,"San Francisco","Portland State",6,5,0,0,8.5,400915782,2016-12-16
55,1,"14:25",2065,2065,"Ronnie Boyce Turnover.",13,8,5,0.888219378538367,"San Francisco","Portland State",6,5,0,0,8.5,400915782,2016-12-16
56,1,"14:23",2063,2063,"Zach Gengler Steal.",13,8,5,0.888219378538367,"San Francisco","Portland State",6,5,0,0,8.5,400915782,2016-12-16
57,1,"14:06",2046,2046,"De'Sean Parsons made Jumper.",13,10,3,0.85457271856683,"San Francisco","Portland State",6,5,0,0,8.5,400915782,2016-12-16
58,1,"14:03",2043,2043,"San Francisco  Timeout",13,10,3,0.85457271856683,"San Francisco","Portland State",6,4,0,1,8.5,400915782,2016-12-16
59,1,"14:03",2043,2043,"Official TV Timeout",13,10,3,0.85457271856683,"San Francisco","Portland State",6,4,0,1,8.5,400915782,2016-12-16
60,1,"13:44",2024,2024,"Matt McCarthy Turnover.",13,10,3,0.868416511179162,"San Francisco","Portland State",6,4,0,1,8.5,400915782,2016-12-16
61,1,"13:29",2009,2009,"Deontae North made Jumper.",13,12,1,0.828718592098723,"San Francisco","Portland State",6,4,0,1,8.5,400915782,2016-12-16
62,1,"13:10",1990,1990,"Remu Raitanen missed Three Point Jumper.",13,12,1,0.836510629217143,"San Francisco","Portland State",6,4,0,1,8.5,400915782,2016-12-16
63,1,"13:10",1990,1990,"Calaen Robinson Defensive Rebound.",13,12,1,0.836510629217143,"San Francisco","Portland State",6,4,0,1,8.5,400915782,2016-12-16
64,1,"13:04",1984,1984,"De'Sean Parsons made Layup. Assisted by Calaen Robinson.",13,14,-1,0.780590435972632,"San Francisco","Portland State",6,4,0,1,8.5,400915782,2016-12-16
65,1,"12:46",1966,1966,"Matt McCarthy made Layup.",15,14,1,0.831336929109633,"San Francisco","Portland State",6,4,0,0,8.5,400915782,2016-12-16
66,1,"12:19",1939,1939,"Brandon Hollins missed Layup.",15,14,1,0.823576108186252,"San Francisco","Portland State",6,4,0,0,8.5,400915782,2016-12-16
67,1,"12:19",1939,1939,"Remu Raitanen Defensive Rebound.",15,14,1,0.823576108186252,"San Francisco","Portland State",6,4,0,0,8.5,400915782,2016-12-16
68,1,"12:11",1931,1931,"Charles Minlend made Three Point Jumper. Assisted by Jordan Ratinho.",18,14,4,0.873058778438704,"San Francisco","Portland State",6,4,0,0,8.5,400915782,2016-12-16
69,1,"11:49",1909,1909,"Deontae North missed Three Point Jumper.",18,14,4,0.875062312626827,"San Francisco","Portland State",6,4,0,0,8.5,400915782,2016-12-16
70,1,"11:49",1909,1909,"Frankie Ferrari Defensive Rebound.",18,14,4,0.875062312626827,"San Francisco","Portland State",6,4,0,0,8.5,400915782,2016-12-16
71,1,"11:34",1894,1894,"Jordan Ratinho missed Three Point Jumper.",18,14,4,0.879086451388997,"San Francisco","Portland State",6,4,0,0,8.5,400915782,2016-12-16
72,1,"11:34",1894,1894,"Deontae North Defensive Rebound.",18,14,4,0.879086451388997,"San Francisco","Portland State",6,4,0,0,8.5,400915782,2016-12-16
73,1,"11:27",1887,1887,"Bryce Canda missed Three Point Jumper.",18,14,4,0.87629542322715,"San Francisco","Portland State",6,4,0,0,8.5,400915782,2016-12-16
74,1,"11:27",1887,1887,"Brandon Hollins Offensive Rebound.",18,14,4,0.87629542322715,"San Francisco","Portland State",6,4,0,0,8.5,400915782,2016-12-16
75,1,"11:21",1881,1881,"Brandon Hollins Turnover.",18,14,4,0.87629542322715,"San Francisco","Portland State",6,4,0,0,8.5,400915782,2016-12-16
76,1,"11:20",1880,1880,"Remu Raitanen Steal.",18,14,4,0.87629542322715,"San Francisco","Portland State",6,4,0,0,8.5,400915782,2016-12-16
77,1,"11:13",1873,1873,"Charles Minlend missed Three Point Jumper.",18,14,4,0.873805526818976,"San Francisco","Portland State",6,4,0,0,8.5,400915782,2016-12-16
78,1,"11:13",1873,1873,"Bryce Canda Defensive Rebound.",18,14,4,0.873805526818976,"San Francisco","Portland State",6,4,0,0,8.5,400915782,2016-12-16
79,1,"11:10",1870,1870,"Foul on Remu Raitanen.",18,14,4,0.873805526818976,"San Francisco","Portland State",6,4,0,0,8.5,400915782,2016-12-16
80,1,"11:10",1870,1870,"Official TV Timeout",18,14,4,0.873805526818976,"San Francisco","Portland State",6,4,0,0,8.5,400915782,2016-12-16
81,1,"10:56",1856,1856,"De'Sean Parsons made Jumper.",18,16,2,0.846022945618624,"San Francisco","Portland State",6,4,0,0,8.5,400915782,2016-12-16
82,1,"10:47",1847,1847,"Remu Raitanen Turnover.",18,16,2,0.838370460522099,"San Francisco","Portland State",6,4,0,0,8.5,400915782,2016-12-16
83,1,"10:46",1846,1846,"Calaen Robinson Steal.",18,16,2,0.838370460522099,"San Francisco","Portland State",6,4,0,0,8.5,400915782,2016-12-16
84,1,"10:45",1845,1845,"Foul on Mladen Djordjevic.",18,16,2,0.838370460522099,"San Francisco","Portland State",6,4,0,0,8.5,400915782,2016-12-16
85,1,"10:45",1845,1845,"Calaen Robinson made Free Throw.",18,17,1,0.820876353543022,"San Francisco","Portland State",6,4,0,0,8.5,400915782,2016-12-16
86,1,"10:45",1845,1845,"Calaen Robinson made Free Throw.",18,18,0,0.801936091713394,"San Francisco","Portland State",6,4,0,0,8.5,400915782,2016-12-16
87,1,"10:23",1823,1823,"Foul on Brendan Rumel.",18,18,0,0.82391039802082,"San Francisco","Portland State",6,4,0,0,8.5,400915782,2016-12-16
88,1,"10:22",1822,1822,"Foul on De'Sean Parsons.",18,18,0,0.82391039802082,"San Francisco","Portland State",6,4,0,0,8.5,400915782,2016-12-16
89,1,"10:22",1822,1822,"Nate Renfro made Free Throw.",19,18,1,0.840696867369433,"San Francisco","Portland State",6,4,0,0,8.5,400915782,2016-12-16
90,1,"10:22",1822,1822,"Nate Renfro made Free Throw.",20,18,2,0.856162465509609,"San Francisco","Portland State",6,4,0,0,8.5,400915782,2016-12-16
91,1,"10:10",1810,1810,"Foul on Nate Renfro.",20,18,2,0.847958045146882,"San Francisco","Portland State",6,4,0,0,8.5,400915782,2016-12-16
92,1,"10:03",1803,1803,"Calaen Robinson missed Three Point Jumper.",20,18,2,0.84339133424676,"San Francisco","Portland State",6,4,0,0,8.5,400915782,2016-12-16
93,1,"10:03",1803,1803,"Deontae North Offensive Rebound.",20,18,2,0.84339133424676,"San Francisco","Portland State",6,4,0,0,8.5,400915782,2016-12-16
94,1,"9:59",1799,1799,"Deontae North Turnover.",20,18,2,0.835512879532069,"San Francisco","Portland State",6,4,0,0,8.5,400915782,2016-12-16
95,1,"9:49",1789,1789,"Chase Foster made Layup.",22,18,4,0.864200762110907,"San Francisco","Portland State",6,4,0,0,8.5,400915782,2016-12-16
96,1,"9:34",1774,1774,"De'Sean Parsons missed Jumper.",22,18,4,0.864465266107504,"San Francisco","Portland State",6,4,0,0,8.5,400915782,2016-12-16
97,1,"9:34",1774,1774,"Mladen Djordjevic Defensive Rebound.",22,18,4,0.864465266107504,"San Francisco","Portland State",6,4,0,0,8.5,400915782,2016-12-16
98,1,"9:25",1765,1765,"Ronnie Boyce missed Jumper.",22,18,4,0.881368236686619,"San Francisco","Portland State",6,4,0,0,8.5,400915782,2016-12-16
99,1,"9:25",1765,1765,"Jimbo Lull Offensive Rebound.",22,18,4,0.881368236686619,"San Francisco","Portland State",6,4,0,0,8.5,400915782,2016-12-16
100,1,"9:21",1761,1761,"Jimbo Lull made Layup.",24,18,6,0.905949994408811,"San Francisco","Portland State",6,4,0,0,8.5,400915782,2016-12-16
101,1,"9:04",1744,1744,"Foul on Jimbo Lull.",24,18,6,0.895743129834819,"San Francisco","Portland State",6,4,0,0,8.5,400915782,2016-12-16
102,1,"8:56",1736,1736,"Calaen Robinson Turnover.",24,18,6,0.903121598590852,"San Francisco","Portland State",6,4,0,0,8.5,400915782,2016-12-16
103,1,"8:55",1735,1735,"Chase Foster Steal.",24,18,6,0.903121598590852,"San Francisco","Portland State",6,4,0,0,8.5,400915782,2016-12-16
104,1,"8:53",1733,1733,"Chase Foster made Three Point Jumper.",27,18,9,0.933571637855822,"San Francisco","Portland State",6,4,0,0,8.5,400915782,2016-12-16
105,1,"8:38",1718,1718,"Calaen Robinson missed Three Point Jumper.",27,18,9,0.934990113019561,"San Francisco","Portland State",6,4,0,0,8.5,400915782,2016-12-16
106,1,"8:38",1718,1718,"Nate Renfro Defensive Rebound.",27,18,9,0.934990113019561,"San Francisco","Portland State",6,4,0,0,8.5,400915782,2016-12-16
107,1,"8:29",1709,1709,"Ronnie Boyce Turnover.",27,18,9,0.924840780538535,"San Francisco","Portland State",6,4,0,0,8.5,400915782,2016-12-16
108,1,"8:28",1708,1708,"Deontae North Steal.",27,18,9,0.924840780538535,"San Francisco","Portland State",6,4,0,0,8.5,400915782,2016-12-16
109,1,"8:25",1705,1705,"De'Sean Parsons missed Jumper.",27,18,9,0.924840780538535,"San Francisco","Portland State",6,4,0,0,8.5,400915782,2016-12-16
110,1,"8:25",1705,1705,"Nate Renfro Defensive Rebound.",27,18,9,0.924840780538535,"San Francisco","Portland State",6,4,0,0,8.5,400915782,2016-12-16
111,1,"8:17",1697,1697,"Ronnie Boyce missed Three Point Jumper.",27,18,9,0.935112820078359,"San Francisco","Portland State",6,4,0,0,8.5,400915782,2016-12-16
112,1,"8:17",1697,1697,"Deontae North Defensive Rebound.",27,18,9,0.935112820078359,"San Francisco","Portland State",6,4,0,0,8.5,400915782,2016-12-16
113,1,"7:58",1678,1678,"De'Sean Parsons made Layup. Assisted by Brandon Hollins.",27,20,7,0.915261043956972,"San Francisco","Portland State",6,4,0,0,8.5,400915782,2016-12-16
114,1,"7:27",1647,1647,"Official TV Timeout",27,20,7,0.915444515630688,"San Francisco","Portland State",6,4,0,0,8.5,400915782,2016-12-16
115,1,"7:24",1644,1644,"Nate Renfro missed Three Point Jumper.",27,20,7,0.915444515630688,"San Francisco","Portland State",6,4,0,0,8.5,400915782,2016-12-16
116,1,"7:24",1644,1644,"Deontae North Defensive Rebound.",27,20,7,0.915444515630688,"San Francisco","Portland State",6,4,0,0,8.5,400915782,2016-12-16
117,1,"7:18",1638,1638,"Brandon Hollins made Dunk. Assisted by Deontae North.",27,22,5,0.88612061479569,"San Francisco","Portland State",6,4,0,0,8.5,400915782,2016-12-16
118,1,"7:07",1627,1627,"Foul on Montie Leunen.",27,22,5,0.8877512719376,"San Francisco","Portland State",6,4,0,0,8.5,400915782,2016-12-16
119,1,"7:01",1621,1621,"Jordan Ratinho Turnover.",27,22,5,0.8877512719376,"San Francisco","Portland State",6,4,0,0,8.5,400915782,2016-12-16
120,1,"7:00",1620,1620,"Brandon Hollins Steal.",27,22,5,0.8877512719376,"San Francisco","Portland State",6,4,0,0,8.5,400915782,2016-12-16
121,1,"6:57",1617,1617,"Foul on Jordan Ratinho.",27,22,5,0.878046071991856,"San Francisco","Portland State",6,4,0,0,8.5,400915782,2016-12-16
122,1,"6:57",1617,1617,"Brandon Hollins made Free Throw.",27,23,4,0.862156095947157,"San Francisco","Portland State",6,4,0,0,8.5,400915782,2016-12-16
123,1,"6:57",1617,1617,"Brandon Hollins made Free Throw.",27,24,3,0.844562250333207,"San Francisco","Portland State",6,4,0,0,8.5,400915782,2016-12-16
124,1,"6:40",1600,1600,"Chase Foster made Layup.",29,24,5,0.884825619123285,"San Francisco","Portland State",6,4,0,0,8.5,400915782,2016-12-16
125,1,"6:20",1580,1580,"Deontae North made Layup.",29,26,3,0.850845305783831,"San Francisco","Portland State",6,4,0,0,8.5,400915782,2016-12-16
126,1,"5:41",1541,1541,"Jordan Ratinho made Three Point Jumper. Assisted by Remu Raitanen.",32,26,6,0.90171480062878,"San Francisco","Portland State",6,4,0,0,8.5,400915782,2016-12-16
127,1,"5:22",1522,1522,"Deontae North missed Jumper.",32,26,6,0.897767841173756,"San Francisco","Portland State",6,4,0,0,8.5,400915782,2016-12-16
128,1,"5:22",1522,1522,"Chase Foster Defensive Rebound.",32,26,6,0.897767841173756,"San Francisco","Portland State",6,4,0,0,8.5,400915782,2016-12-16
129,1,"5:12",1512,1512,"Chase Foster missed Layup.",32,26,6,0.907497867750828,"San Francisco","Portland State",6,4,0,0,8.5,400915782,2016-12-16
130,1,"5:12",1512,1512,"Nate Renfro Offensive Rebound.",32,26,6,0.907497867750828,"San Francisco","Portland State",6,4,0,0,8.5,400915782,2016-12-16
131,1,"5:05",1505,1505,"Foul on Montie Leunen.",32,26,6,0.898911631820239,"San Francisco","Portland State",6,4,0,0,8.5,400915782,2016-12-16
132,1,"5:05",1505,1505,"Remu Raitanen made Free Throw.",33,26,7,0.911142650188279,"San Francisco","Portland State",6,4,0,0,8.5,400915782,2016-12-16
133,1,"5:05",1505,1505,"Remu Raitanen made Free Throw.",34,26,8,0.922022171234981,"San Francisco","Portland State",6,4,0,0,8.5,400915782,2016-12-16
134,1,"4:39",1479,1479,"De'Sean Parsons missed Three Point Jumper.",34,26,8,0.933790251237908,"San Francisco","Portland State",6,4,0,0,8.5,400915782,2016-12-16
135,1,"4:39",1479,1479,"Nate Renfro Defensive Rebound.",34,26,8,0.933790251237908,"San Francisco","Portland State",6,4,0,0,8.5,400915782,2016-12-16
136,1,"4:08",1448,1448,"Mladen Djordjevic missed Three Point Jumper.",34,26,8,0.931280053716211,"San Francisco","Portland State",6,4,0,0,8.5,400915782,2016-12-16
137,1,"4:08",1448,1448,"Portland St Deadball Team Rebound.",34,26,8,0.931280053716211,"San Francisco","Portland State",6,4,0,0,8.5,400915782,2016-12-16
138,1,"3:55",1435,1435,"Foul on Chase Foster.",34,26,8,0.922900418715759,"San Francisco","Portland State",6,4,0,0,8.5,400915782,2016-12-16
139,1,"3:55",1435,1435,"Official TV Timeout",34,26,8,0.922900418715759,"San Francisco","Portland State",6,4,0,0,8.5,400915782,2016-12-16
140,1,"3:55",1435,1435,"De'Sean Parsons missed Free Throw.",34,26,8,0.922900418715759,"San Francisco","Portland State",6,4,0,0,8.5,400915782,2016-12-16
141,1,"3:55",1435,1435,"Portland St Deadball Team Rebound.",34,26,8,0.922900418715759,"San Francisco","Portland State",6,4,0,0,8.5,400915782,2016-12-16
142,1,"3:55",1435,1435,"De'Sean Parsons made Free Throw.",34,27,7,0.911599094398369,"San Francisco","Portland State",6,4,0,0,8.5,400915782,2016-12-16
143,1,"3:33",1413,1413,"Charles Minlend made Jumper.",36,27,9,0.931933620235776,"San Francisco","Portland State",6,4,0,0,8.5,400915782,2016-12-16
144,1,"3:15",1395,1395,"Bryce Canda made Jumper.",36,29,7,0.918750559321549,"San Francisco","Portland State",6,4,0,0,8.5,400915782,2016-12-16
145,1,"2:54",1374,1374,"Marquill Smith made Layup.",38,29,9,0.927618214411658,"San Francisco","Portland State",6,4,0,0,8.5,400915782,2016-12-16
146,1,"2:39",1359,1359,"Bryce Canda made Jumper.",38,31,7,0.917361945185216,"San Francisco","Portland State",6,4,0,0,8.5,400915782,2016-12-16
147,1,"2:14",1334,1334,"Jordan Ratinho made Three Point Jumper. Assisted by Charles Minlend.",41,31,10,0.939979956493691,"San Francisco","Portland State",6,4,0,0,8.5,400915782,2016-12-16
148,1,"1:50",1310,1310,"Calaen Robinson made Three Point Jumper.",41,34,7,0.917147553534735,"San Francisco","Portland State",6,4,0,0,8.5,400915782,2016-12-16
149,1,"1:33",1293,1293,"Marquill Smith made Three Point Jumper.",44,34,10,0.949050725711649,"San Francisco","Portland State",6,4,0,0,8.5,400915782,2016-12-16
150,1,"1:18",1278,1278,"Brandon Hollins missed Three Point Jumper.",44,34,10,0.936806169075982,"San Francisco","Portland State",6,4,0,0,8.5,400915782,2016-12-16
151,1,"1:18",1278,1278,"Marquill Smith Defensive Rebound.",44,34,10,0.936806169075982,"San Francisco","Portland State",6,4,0,0,8.5,400915782,2016-12-16
152,1,"1:12",1272,1272,"Foul on Brandon Hollins.",44,34,10,0.936806169075982,"San Francisco","Portland State",6,4,0,0,8.5,400915782,2016-12-16
153,1,"1:12",1272,1272,"Matt McCarthy made Free Throw.",45,34,11,0.945117182353694,"San Francisco","Portland State",6,4,0,0,8.5,400915782,2016-12-16
154,1,"1:12",1272,1272,"Matt McCarthy made Free Throw.",46,34,12,0.95239071151411,"San Francisco","Portland State",6,4,0,0,8.5,400915782,2016-12-16
155,1,"0:44",1244,1244,"Calaen Robinson made Three Point Jumper.",46,37,9,0.934473822020766,"San Francisco","Portland State",6,4,0,0,8.5,400915782,2016-12-16
156,1,"0:25",1225,1225,"Foul on Brandon Hollins.",46,37,9,0.940424184467594,"San Francisco","Portland State",6,4,0,0,8.5,400915782,2016-12-16
157,1,"0:25",1225,1225,"Ronnie Boyce made Free Throw.",47,37,10,0.949206160603085,"San Francisco","Portland State",6,4,0,0,8.5,400915782,2016-12-16
158,1,"0:25",1225,1225,"Ronnie Boyce missed Free Throw.",47,37,10,0.949206160603085,"San Francisco","Portland State",6,4,0,0,8.5,400915782,2016-12-16
159,1,"0:25",1225,1225,"Deontae North Defensive Rebound.",47,37,10,0.949206160603085,"San Francisco","Portland State",6,4,0,0,8.5,400915782,2016-12-16
160,1,"0:02",1202,1202,"Deontae North missed Three Point Jumper.",47,37,10,0.943681860106579,"San Francisco","Portland State",6,4,0,0,8.5,400915782,2016-12-16
161,1,"0:02",1202,1202,"Ronnie Boyce Defensive Rebound.",47,37,10,0.943681860106579,"San Francisco","Portland State",6,4,0,0,8.5,400915782,2016-12-16
162,1,"0:00",1200,1200,"End of 1st half",47,37,10,0.943681860106579,"San Francisco","Portland State",6,4,0,0,8.5,400915782,2016-12-16
163,2,"20:00",1200,1200,"PLAY",47,37,10,0.943681860106579,"San Francisco","Portland State",6,4,0,0,8.5,400915782,2016-12-16
164,2,"19:49",1189,1189,"Traylin Farris missed Layup.",47,37,10,0.94719250156726,"San Francisco","Portland State",6,4,0,0,8.5,400915782,2016-12-16
165,2,"19:49",1189,1189,"Nate Renfro Defensive Rebound.",47,37,10,0.94719250156726,"San Francisco","Portland State",6,4,0,0,8.5,400915782,2016-12-16
166,2,"19:42",1182,1182,"Ronnie Boyce missed Three Point Jumper.",47,37,10,0.94719250156726,"San Francisco","Portland State",6,4,0,0,8.5,400915782,2016-12-16
167,2,"19:42",1182,1182,"Ronnie Boyce Offensive Rebound.",47,37,10,0.94719250156726,"San Francisco","Portland State",6,4,0,0,8.5,400915782,2016-12-16
168,2,"19:37",1177,1177,"Ronnie Boyce Turnover.",47,37,10,0.943219717033569,"San Francisco","Portland State",6,4,0,0,8.5,400915782,2016-12-16
169,2,"19:36",1176,1176,"Calaen Robinson Steal.",47,37,10,0.943219717033569,"San Francisco","Portland State",6,4,0,0,8.5,400915782,2016-12-16
170,2,"19:33",1173,1173,"Foul on De'Sean Parsons.",47,37,10,0.943219717033569,"San Francisco","Portland State",6,4,0,0,8.5,400915782,2016-12-16
171,2,"19:33",1173,1173,"De'Sean Parsons Turnover.",47,37,10,0.943219717033569,"San Francisco","Portland State",6,4,0,0,8.5,400915782,2016-12-16
172,2,"19:10",1150,1150,"Mladen Djordjevic missed Three Point Jumper.",47,37,10,0.942227145488418,"San Francisco","Portland State",6,4,0,0,8.5,400915782,2016-12-16
173,2,"19:10",1150,1150,"Portland St Defensive Rebound.",47,37,10,0.942227145488418,"San Francisco","Portland State",6,4,0,0,8.5,400915782,2016-12-16
174,2,"19:07",1147,1147,"Foul on Nate Renfro.",47,37,10,0.945786670042649,"San Francisco","Portland State",6,4,0,0,8.5,400915782,2016-12-16
175,2,"18:57",1137,1137,"Traylin Farris made Layup. Assisted by Calaen Robinson.",47,39,8,0.927494625789876,"San Francisco","Portland State",6,4,0,0,8.5,400915782,2016-12-16
176,2,"18:41",1121,1121,"Chase Foster made Layup. Assisted by Nate Renfro.",49,39,10,0.954231714839956,"San Francisco","Portland State",6,4,0,0,8.5,400915782,2016-12-16
177,2,"18:21",1101,1101,"Zach Gengler missed Jumper.",49,39,10,0.945913844436125,"San Francisco","Portland State",6,4,0,0,8.5,400915782,2016-12-16
178,2,"18:21",1101,1101,"Nate Renfro Defensive Rebound.",49,39,10,0.945913844436125,"San Francisco","Portland State",6,4,0,0,8.5,400915782,2016-12-16
179,2,"18:06",1086,1086,"Mladen Djordjevic made Three Point Jumper. Assisted by Jimbo Lull.",52,39,13,0.971425698401161,"San Francisco","Portland State",6,4,0,0,8.5,400915782,2016-12-16
180,2,"17:42",1062,1062,"De'Sean Parsons missed Jumper.",52,39,13,0.968006361134545,"San Francisco","Portland State",6,4,0,0,8.5,400915782,2016-12-16
181,2,"17:42",1062,1062,"Traylin Farris Offensive Rebound.",52,39,13,0.968006361134545,"San Francisco","Portland State",6,4,0,0,8.5,400915782,2016-12-16
182,2,"17:39",1059,1059,"Traylin Farris made Layup.",52,41,11,0.959675336116663,"San Francisco","Portland State",6,4,0,0,8.5,400915782,2016-12-16
183,2,"17:07",1027,1027,"Chase Foster missed Jumper.",52,41,11,0.958821703933346,"San Francisco","Portland State",6,4,0,0,8.5,400915782,2016-12-16
184,2,"17:07",1027,1027,"De'Sean Parsons Block.",52,41,11,0.958821703933346,"San Francisco","Portland State",6,4,0,0,8.5,400915782,2016-12-16
185,2,"17:06",1026,1026,"Bryce Canda Defensive Rebound.",52,41,11,0.958821703933346,"San Francisco","Portland State",6,4,0,0,8.5,400915782,2016-12-16
186,2,"17:02",1022,1022,"Zach Gengler missed Layup.",52,41,11,0.958821703933346,"San Francisco","Portland State",6,4,0,0,8.5,400915782,2016-12-16
187,2,"17:02",1022,1022,"De'Sean Parsons Offensive Rebound.",52,41,11,0.958821703933346,"San Francisco","Portland State",6,4,0,0,8.5,400915782,2016-12-16
188,2,"16:55",1015,1015,"De'Sean Parsons missed Layup.",52,41,11,0.953817177459549,"San Francisco","Portland State",6,4,0,0,8.5,400915782,2016-12-16
189,2,"16:55",1015,1015,"De'Sean Parsons Offensive Rebound.",52,41,11,0.953817177459549,"San Francisco","Portland State",6,4,0,0,8.5,400915782,2016-12-16
190,2,"16:54",1014,1014,"Foul on Nate Renfro.",52,41,11,0.953817177459549,"San Francisco","Portland State",6,4,0,0,8.5,400915782,2016-12-16
191,2,"16:53",1013,1013,"Traylin Farris missed Layup.",52,41,11,0.953817177459549,"San Francisco","Portland State",6,4,0,0,8.5,400915782,2016-12-16
192,2,"16:53",1013,1013,"Ronnie Boyce Defensive Rebound.",52,41,11,0.953817177459549,"San Francisco","Portland State",6,4,0,0,8.5,400915782,2016-12-16
193,2,"16:45",1005,1005,"Ronnie Boyce made Layup.",54,41,13,0.96991640694943,"San Francisco","Portland State",6,4,0,0,8.5,400915782,2016-12-16
194,2,"16:31",991,991,"Calaen Robinson Turnover.",54,41,13,0.967936055903619,"San Francisco","Portland State",6,4,0,0,8.5,400915782,2016-12-16
195,2,"16:30",990,990,"Jordan Ratinho Steal.",54,41,13,0.967936055903619,"San Francisco","Portland State",6,4,0,0,8.5,400915782,2016-12-16
196,2,"16:29",989,989,"Foul on Calaen Robinson.",54,41,13,0.976011023696937,"San Francisco","Portland State",6,4,0,0,8.5,400915782,2016-12-16
197,2,"16:07",967,967,"Charles Minlend missed Jumper.",54,41,13,0.969130086484697,"San Francisco","Portland State",6,4,0,0,8.5,400915782,2016-12-16
198,2,"16:07",967,967,"Ronnie Boyce Offensive Rebound.",54,41,13,0.969130086484697,"San Francisco","Portland State",6,4,0,0,8.5,400915782,2016-12-16
199,2,"16:01",961,961,"Ronnie Boyce missed Jumper.",54,41,13,0.969130086484697,"San Francisco","Portland State",6,4,0,0,8.5,400915782,2016-12-16
200,2,"16:01",961,961,"De'Sean Parsons Block.",54,41,13,0.969130086484697,"San Francisco","Portland State",6,4,0,0,8.5,400915782,2016-12-16
201,2,"15:59",959,959,"Zach Gengler Defensive Rebound.",54,41,13,0.974263954770886,"San Francisco","Portland State",6,4,0,0,8.5,400915782,2016-12-16
202,2,"15:56",956,956,"Foul on Jimbo Lull.",54,41,13,0.974263954770886,"San Francisco","Portland State",6,4,0,0,8.5,400915782,2016-12-16
203,2,"15:56",956,956,"Official TV Timeout",54,41,13,0.974263954770886,"San Francisco","Portland State",6,4,0,0,8.5,400915782,2016-12-16
204,2,"15:56",956,956,"De'Sean Parsons made Free Throw.",54,42,12,0.969008436660931,"San Francisco","Portland State",6,4,0,0,8.5,400915782,2016-12-16
205,2,"15:56",956,956,"De'Sean Parsons made Free Throw.",54,43,11,0.962720763040981,"San Francisco","Portland State",6,4,0,0,8.5,400915782,2016-12-16
206,2,"15:45",945,945,"Charles Minlend Turnover.",54,43,11,0.965014877630649,"San Francisco","Portland State",6,4,0,0,8.5,400915782,2016-12-16
207,2,"15:44",944,944,"Traylin Farris Steal.",54,43,11,0.965014877630649,"San Francisco","Portland State",6,4,0,0,8.5,400915782,2016-12-16
208,2,"15:42",942,942,"Foul on Charles Minlend.",54,43,11,0.965014877630649,"San Francisco","Portland State",6,4,0,0,8.5,400915782,2016-12-16
209,2,"15:33",933,933,"Calaen Robinson made Layup.",54,45,9,0.943076518796365,"San Francisco","Portland State",6,4,0,0,8.5,400915782,2016-12-16
210,2,"15:07",907,907,"Charles Minlend Turnover.",54,45,9,0.941726531215694,"San Francisco","Portland State",6,4,0,0,8.5,400915782,2016-12-16
211,2,"15:06",906,906,"Zach Gengler Steal.",54,45,9,0.941726531215694,"San Francisco","Portland State",6,4,0,0,8.5,400915782,2016-12-16
212,2,"15:01",901,901,"Calaen Robinson made Three Point Jumper. Assisted by Zach Gengler.",54,48,6,0.901019648644941,"San Francisco","Portland State",6,4,0,0,8.5,400915782,2016-12-16
213,2,"14:52",892,892,"San Francisco  Timeout",54,48,6,0.906645174130681,"San Francisco","Portland State",6,3,0,1,8.5,400915782,2016-12-16
214,2,"14:34",874,874,"Marquill Smith Turnover.",54,48,6,0.905439115351864,"San Francisco","Portland State",6,3,0,1,8.5,400915782,2016-12-16
215,2,"14:09",849,849,"Foul on Marquill Smith.",54,48,6,0.909065679483538,"San Francisco","Portland State",6,3,0,1,8.5,400915782,2016-12-16
216,2,"14:01",841,841,"Calaen Robinson made Three Point Jumper. Assisted by Zach Gengler.",54,51,3,0.840931275847123,"San Francisco","Portland State",6,3,0,1,8.5,400915782,2016-12-16
217,2,"13:29",809,809,"Matt McCarthy made Layup.",56,51,5,0.897269816610957,"San Francisco","Portland State",6,3,0,0,8.5,400915782,2016-12-16
218,2,"13:15",795,795,"Foul on Marquill Smith.",56,51,5,0.893897027736634,"San Francisco","Portland State",6,3,0,0,8.5,400915782,2016-12-16
219,2,"13:15",795,795,"Traylin Farris made Free Throw.",56,52,4,0.871178033095335,"San Francisco","Portland State",6,3,0,0,8.5,400915782,2016-12-16
220,2,"13:15",795,795,"Traylin Farris made Free Throw.",56,53,3,0.844440960217068,"San Francisco","Portland State",6,3,0,0,8.5,400915782,2016-12-16
221,2,"12:49",769,769,"Marquill Smith missed Three Point Jumper.",56,53,3,0.859991054442496,"San Francisco","Portland State",6,3,0,0,8.5,400915782,2016-12-16
222,2,"12:49",769,769,"Calaen Robinson Defensive Rebound.",56,53,3,0.859991054442496,"San Francisco","Portland State",6,3,0,0,8.5,400915782,2016-12-16
223,2,"12:36",756,756,"Traylin Farris made Layup. Assisted by De'Sean Parsons.",56,55,1,0.783049933667707,"San Francisco","Portland State",6,3,0,0,8.5,400915782,2016-12-16
224,2,"12:36",756,756,"Foul on Mladen Djordjevic.",56,55,1,0.783049933667707,"San Francisco","Portland State",6,3,0,0,8.5,400915782,2016-12-16
225,2,"12:36",756,756,"Traylin Farris made Free Throw.",56,56,0,0.74389327640155,"San Francisco","Portland State",6,3,0,0,8.5,400915782,2016-12-16
226,2,"12:27",747,747,"Foul on De'Sean Parsons.",56,56,0,0.732390458612396,"San Francisco","Portland State",6,3,0,0,8.5,400915782,2016-12-16
227,2,"12:19",739,739,"Charles Minlend made Three Point Jumper. Assisted by Mladen Djordjevic.",59,56,3,0.833063163801527,"San Francisco","Portland State",6,3,0,0,8.5,400915782,2016-12-16
228,2,"12:01",721,721,"Foul on Charles Minlend.",59,56,3,0.848394691947995,"San Francisco","Portland State",6,3,0,0,8.5,400915782,2016-12-16
229,2,"12:01",721,721,"Deontae North made Free Throw.",59,57,2,0.817870252663133,"San Francisco","Portland State",6,3,0,0,8.5,400915782,2016-12-16
230,2,"12:01",721,721,"Deontae North made Free Throw.",59,58,1,0.782773581990115,"San Francisco","Portland State",6,3,0,0,8.5,400915782,2016-12-16
231,2,"11:39",699,699,"Ronnie Boyce missed Three Point Jumper.",59,58,1,0.794650193987041,"San Francisco","Portland State",6,3,0,0,8.5,400915782,2016-12-16
232,2,"11:39",699,699,"Traylin Farris Defensive Rebound.",59,58,1,0.794650193987041,"San Francisco","Portland State",6,3,0,0,8.5,400915782,2016-12-16
233,2,"11:31",691,691,"Deontae North missed Three Point Jumper.",59,58,1,0.794650193987041,"San Francisco","Portland State",6,3,0,0,8.5,400915782,2016-12-16
234,2,"11:31",691,691,"Ronnie Boyce Defensive Rebound.",59,58,1,0.794650193987041,"San Francisco","Portland State",6,3,0,0,8.5,400915782,2016-12-16
235,2,"11:15",675,675,"Ronnie Boyce missed Jumper.",59,58,1,0.772093810964212,"San Francisco","Portland State",6,3,0,0,8.5,400915782,2016-12-16
236,2,"11:15",675,675,"Deontae North Defensive Rebound.",59,58,1,0.772093810964212,"San Francisco","Portland State",6,3,0,0,8.5,400915782,2016-12-16
237,2,"10:54",654,654,"Deontae North Turnover.",59,58,1,0.775466720087773,"San Francisco","Portland State",6,3,0,0,8.5,400915782,2016-12-16
238,2,"10:54",654,654,"Official TV Timeout",59,58,1,0.775466720087773,"San Francisco","Portland State",6,3,0,0,8.5,400915782,2016-12-16
239,2,"10:37",637,637,"Ronnie Boyce made Three Point Jumper. Assisted by Nate Renfro.",62,58,4,0.858122873179722,"San Francisco","Portland State",6,3,0,0,8.5,400915782,2016-12-16
240,2,"10:12",612,612,"Foul on Remu Raitanen.",62,58,4,0.870326318743944,"San Francisco","Portland State",6,3,0,0,8.5,400915782,2016-12-16
241,2,"10:12",612,612,"Deontae North made Free Throw.",62,59,3,0.839289084456795,"San Francisco","Portland State",6,3,0,0,8.5,400915782,2016-12-16
242,2,"10:12",612,612,"Deontae North made Free Throw.",62,60,2,0.802508824735576,"San Francisco","Portland State",6,3,0,0,8.5,400915782,2016-12-16
243,2,"9:51",591,591,"Matt McCarthy made Layup. Assisted by Nate Renfro.",64,60,4,0.869277136232847,"San Francisco","Portland State",6,3,0,0,8.5,400915782,2016-12-16
244,2,"9:36",576,576,"Foul on Matt McCarthy.",64,60,4,0.885453244933242,"San Francisco","Portland State",6,3,0,0,8.5,400915782,2016-12-16
245,2,"9:36",576,576,"Deontae North made Free Throw.",64,61,3,0.857158039408902,"San Francisco","Portland State",6,3,0,0,8.5,400915782,2016-12-16
246,2,"9:36",576,576,"Deontae North missed Free Throw.",64,61,3,0.857158039408902,"San Francisco","Portland State",6,3,0,0,8.5,400915782,2016-12-16
247,2,"9:36",576,576,"Calaen Robinson Offensive Rebound.",64,61,3,0.857158039408902,"San Francisco","Portland State",6,3,0,0,8.5,400915782,2016-12-16
248,2,"9:19",559,559,"Bryce Canda made Three Point Jumper.",64,64,0,0.71126852198239,"San Francisco","Portland State",6,3,0,0,8.5,400915782,2016-12-16
249,2,"9:05",545,545,"Foul on Calaen Robinson.",64,64,0,0.69685249577519,"San Francisco","Portland State",6,3,0,0,8.5,400915782,2016-12-16
250,2,"9:05",545,545,"Matt McCarthy made Free Throw.",65,64,1,0.750329518241013,"San Francisco","Portland State",6,3,0,0,8.5,400915782,2016-12-16
251,2,"9:05",545,545,"Matt McCarthy made Free Throw.",66,64,2,0.797119379355161,"San Francisco","Portland State",6,3,0,0,8.5,400915782,2016-12-16
252,2,"8:42",522,522,"Calaen Robinson made Three Point Jumper. Assisted by Bryce Canda.",66,67,-1,0.638703565230405,"San Francisco","Portland State",6,3,0,0,8.5,400915782,2016-12-16
253,2,"8:22",502,502,"Chase Foster Turnover.",66,67,-1,0.662583218309349,"San Francisco","Portland State",6,3,0,0,8.5,400915782,2016-12-16
254,2,"8:21",501,501,"Bryce Canda Steal.",66,67,-1,0.662583218309349,"San Francisco","Portland State",6,3,0,0,8.5,400915782,2016-12-16
255,2,"8:16",496,496,"De'Sean Parsons missed Layup.",66,67,-1,0.65713349054806,"San Francisco","Portland State",6,3,0,0,8.5,400915782,2016-12-16
256,2,"8:16",496,496,"San Francisco Defensive Rebound.",66,67,-1,0.65713349054806,"San Francisco","Portland State",6,3,0,0,8.5,400915782,2016-12-16
257,2,"8:02",482,482,"Ronnie Boyce missed Layup.",66,67,-1,0.647378045588135,"San Francisco","Portland State",6,3,0,0,8.5,400915782,2016-12-16
258,2,"8:02",482,482,"Traylin Farris Block.",66,67,-1,0.647378045588135,"San Francisco","Portland State",6,3,0,0,8.5,400915782,2016-12-16
259,2,"8:02",482,482,"San Francisco Deadball Team Rebound.",66,67,-1,0.647378045588135,"San Francisco","Portland State",6,3,0,0,8.5,400915782,2016-12-16
260,2,"7:57",477,477,"Chase Foster made Three Point Jumper. Assisted by Frankie Ferrari.",69,67,2,0.814956539772902,"San Francisco","Portland State",6,3,0,0,8.5,400915782,2016-12-16
261,2,"7:37",457,457,"Deontae North made Layup.",69,69,0,0.684504086789094,"San Francisco","Portland State",6,3,0,0,8.5,400915782,2016-12-16
262,2,"7:18",438,438,"Matt McCarthy missed Jumper.",69,69,0,0.716347157811425,"San Francisco","Portland State",6,3,0,0,8.5,400915782,2016-12-16
263,2,"7:18",438,438,"De'Sean Parsons Defensive Rebound.",69,69,0,0.716347157811425,"San Francisco","Portland State",6,3,0,0,8.5,400915782,2016-12-16
264,2,"7:12",432,432,"Foul on Frankie Ferrari.",69,69,0,0.716347157811425,"San Francisco","Portland State",6,3,0,0,8.5,400915782,2016-12-16
265,2,"7:12",432,432,"Official TV Timeout",69,69,0,0.716347157811425,"San Francisco","Portland State",6,3,0,0,8.5,400915782,2016-12-16
266,2,"7:12",432,432,"De'Sean Parsons missed Free Throw.",69,69,0,0.716347157811425,"San Francisco","Portland State",6,3,0,0,8.5,400915782,2016-12-16
267,2,"7:12",432,432,"Portland St Deadball Team Rebound.",69,69,0,0.716347157811425,"San Francisco","Portland State",6,3,0,0,8.5,400915782,2016-12-16
268,2,"7:12",432,432,"De'Sean Parsons made Free Throw.",69,70,-1,0.649946245915769,"San Francisco","Portland State",6,3,0,0,8.5,400915782,2016-12-16
269,2,"7:12",432,432,"Deontae North missed Layup.",69,70,-1,0.649946245915769,"San Francisco","Portland State",6,3,0,0,8.5,400915782,2016-12-16
270,2,"7:12",432,432,"Nate Renfro Defensive Rebound.",69,70,-1,0.649946245915769,"San Francisco","Portland State",6,3,0,0,8.5,400915782,2016-12-16
271,2,"6:45",405,405,"Foul on Traylin Farris.",69,70,-1,0.610145368112311,"San Francisco","Portland State",6,3,0,0,8.5,400915782,2016-12-16
272,2,"6:45",405,405,"Nate Renfro missed Free Throw.",69,70,-1,0.610145368112311,"San Francisco","Portland State",6,3,0,0,8.5,400915782,2016-12-16
273,2,"6:45",405,405,"San Francisco Deadball Team Rebound.",69,70,-1,0.610145368112311,"San Francisco","Portland State",6,3,0,0,8.5,400915782,2016-12-16
274,2,"6:45",405,405,"Nate Renfro made Free Throw.",70,70,0,0.685187907762682,"San Francisco","Portland State",6,3,0,0,8.5,400915782,2016-12-16
275,2,"6:28",388,388,"Traylin Farris missed Layup.",70,70,0,0.710208267161851,"San Francisco","Portland State",6,3,0,0,8.5,400915782,2016-12-16
276,2,"6:28",388,388,"Frankie Ferrari Defensive Rebound.",70,70,0,0.710208267161851,"San Francisco","Portland State",6,3,0,0,8.5,400915782,2016-12-16
277,2,"6:24",384,384,"Nate Renfro made Dunk. Assisted by Frankie Ferrari.",72,70,2,0.816271059441681,"San Francisco","Portland State",6,3,0,0,8.5,400915782,2016-12-16
278,2,"6:16",376,376,"Portland St  Timeout",72,70,2,0.803283691627397,"San Francisco","Portland State",6,2,0,1,8.5,400915782,2016-12-16
279,2,"6:11",371,371,"Calaen Robinson missed Jumper.",72,70,2,0.803283691627397,"San Francisco","Portland State",6,2,0,1,8.5,400915782,2016-12-16
280,2,"6:11",371,371,"Portland St Offensive Rebound.",72,70,2,0.803283691627397,"San Francisco","Portland State",6,2,0,1,8.5,400915782,2016-12-16
281,2,"5:42",342,342,"Bryce Canda missed Three Point Jumper.",72,70,2,0.792454003643127,"San Francisco","Portland State",6,2,0,1,8.5,400915782,2016-12-16
282,2,"5:42",342,342,"Frankie Ferrari Defensive Rebound.",72,70,2,0.792454003643127,"San Francisco","Portland State",6,2,0,1,8.5,400915782,2016-12-16
283,2,"5:16",316,316,"Jimbo Lull missed Layup.",72,70,2,0.811267651893729,"San Francisco","Portland State",6,2,0,1,8.5,400915782,2016-12-16
284,2,"5:16",316,316,"Traylin Farris Defensive Rebound.",72,70,2,0.811267651893729,"San Francisco","Portland State",6,2,0,1,8.5,400915782,2016-12-16
285,2,"4:52",292,292,"Deontae North missed Layup.",72,70,2,0.820329493217558,"San Francisco","Portland State",6,2,0,0,8.5,400915782,2016-12-16
286,2,"4:52",292,292,"Traylin Farris Offensive Rebound.",72,70,2,0.820329493217558,"San Francisco","Portland State",6,2,0,0,8.5,400915782,2016-12-16
287,2,"4:49",289,289,"Traylin Farris made Two Point Tip Shot.",72,72,0,0.674773648160573,"San Francisco","Portland State",6,2,0,0,8.5,400915782,2016-12-16
288,2,"4:34",274,274,"Foul on Deontae North.",72,72,0,0.667833256438741,"San Francisco","Portland State",6,2,0,0,8.5,400915782,2016-12-16
289,2,"4:34",274,274,"Chase Foster made Free Throw.",73,72,1,0.747780677417407,"San Francisco","Portland State",6,2,0,0,8.5,400915782,2016-12-16
290,2,"4:34",274,274,"Chase Foster made Free Throw.",74,72,2,0.813849493272052,"San Francisco","Portland State",6,2,0,0,8.5,400915782,2016-12-16
291,2,"4:22",262,262,"Traylin Farris made Layup.",74,74,0,0.677556971293459,"San Francisco","Portland State",6,2,0,0,8.5,400915782,2016-12-16
292,2,"4:22",262,262,"Foul on Jordan Ratinho.",74,74,0,0.677556971293459,"San Francisco","Portland State",6,2,0,0,8.5,400915782,2016-12-16
293,2,"4:22",262,262,"Traylin Farris made Free Throw.",74,75,-1,0.591293315546019,"San Francisco","Portland State",6,2,0,0,8.5,400915782,2016-12-16
294,2,"4:16",256,256,"Foul on Calaen Robinson.",74,75,-1,0.567289726940553,"San Francisco","Portland State",6,2,0,0,8.5,400915782,2016-12-16
295,2,"4:16",256,256,"Frankie Ferrari missed Free Throw.",74,75,-1,0.567289726940553,"San Francisco","Portland State",6,2,0,0,8.5,400915782,2016-12-16
296,2,"4:16",256,256,"Portland St Defensive Rebound.",74,75,-1,0.567289726940553,"San Francisco","Portland State",6,2,0,0,8.5,400915782,2016-12-16
297,2,"3:59",239,239,"Traylin Farris missed Layup.",74,75,-1,0.565374025566157,"San Francisco","Portland State",6,2,0,0,8.5,400915782,2016-12-16
298,2,"3:59",239,239,"Jordan Ratinho Defensive Rebound.",74,75,-1,0.565374025566157,"San Francisco","Portland State",6,2,0,0,8.5,400915782,2016-12-16
299,2,"3:35",215,215,"Chase Foster missed Three Point Jumper.",74,75,-1,0.554711715640384,"San Francisco","Portland State",6,2,0,0,8.5,400915782,2016-12-16
300,2,"3:35",215,215,"San Francisco Offensive Rebound.",74,75,-1,0.554711715640384,"San Francisco","Portland State",6,2,0,0,8.5,400915782,2016-12-16
301,2,"3:31",211,211,"Official TV Timeout",74,75,-1,0.554711715640384,"San Francisco","Portland State",6,2,0,0,8.5,400915782,2016-12-16
302,2,"3:03",183,183,"Nate Renfro missed Three Point Jumper.",74,75,-1,0.5190036759818,"San Francisco","Portland State",6,2,0,0,8.5,400915782,2016-12-16
303,2,"3:03",183,183,"Zach Gengler Defensive Rebound.",74,75,-1,0.5190036759818,"San Francisco","Portland State",6,2,0,0,8.5,400915782,2016-12-16
304,2,"2:38",158,158,"Traylin Farris missed Layup.",74,75,-1,0.513574953344633,"San Francisco","Portland State",6,2,0,0,8.5,400915782,2016-12-16
305,2,"2:38",158,158,"Matt McCarthy Defensive Rebound.",74,75,-1,0.513574953344633,"San Francisco","Portland State",6,2,0,0,8.5,400915782,2016-12-16
306,2,"2:36",156,156,"Foul on Traylin Farris.",74,75,-1,0.513574953344633,"San Francisco","Portland State",6,2,0,0,8.5,400915782,2016-12-16
307,2,"2:36",156,156,"Matt McCarthy missed Free Throw.",74,75,-1,0.513574953344633,"San Francisco","Portland State",6,2,0,0,8.5,400915782,2016-12-16
308,2,"2:36",156,156,"Traylin Farris Defensive Rebound.",74,75,-1,0.513574953344633,"San Francisco","Portland State",6,2,0,0,8.5,400915782,2016-12-16
309,2,"2:16",136,136,"Deontae North missed Jumper.",74,75,-1,0.527285620411286,"San Francisco","Portland State",6,2,0,0,8.5,400915782,2016-12-16
310,2,"2:16",136,136,"Nate Renfro Block.",74,75,-1,0.527285620411286,"San Francisco","Portland State",6,2,0,0,8.5,400915782,2016-12-16
311,2,"2:15",135,135,"Bryce Canda Offensive Rebound.",74,75,-1,0.527285620411286,"San Francisco","Portland State",6,2,0,0,8.5,400915782,2016-12-16
312,2,"2:15",135,135,"Foul on Matt McCarthy.",74,75,-1,0.527285620411286,"San Francisco","Portland State",6,2,0,0,8.5,400915782,2016-12-16
313,2,"2:15",135,135,"Bryce Canda made Free Throw.",74,76,-2,0.392093358907474,"San Francisco","Portland State",6,2,0,0,8.5,400915782,2016-12-16
314,2,"2:15",135,135,"Bryce Canda made Free Throw.",74,77,-3,0.271644759917322,"San Francisco","Portland State",6,2,0,0,8.5,400915782,2016-12-16
315,2,"1:48",108,108,"Ronnie Boyce made Three Point Jumper.",77,77,0,0.609959099984761,"San Francisco","Portland State",6,2,0,0,8.5,400915782,2016-12-16
316,2,"1:28",88,88,"Bryce Canda Turnover.",77,77,0,0.660313055476237,"San Francisco","Portland State",6,2,0,0,8.5,400915782,2016-12-16
317,2,"1:08",68,68,"Ronnie Boyce missed Three Point Jumper.",77,77,0,0.547582679781148,"San Francisco","Portland State",6,2,0,0,8.5,400915782,2016-12-16
318,2,"1:08",68,68,"Traylin Farris Defensive Rebound.",77,77,0,0.547582679781148,"San Francisco","Portland State",6,2,0,0,8.5,400915782,2016-12-16
319,2,"0:58",58,58,"Portland St  Timeout",77,77,0,0.715733313141728,"San Francisco","Portland State",6,1,0,1,8.5,400915782,2016-12-16
320,2,"0:41",41,41,"Deontae North missed Layup.",77,77,0,0.469119451090467,"San Francisco","Portland State",6,1,0,1,8.5,400915782,2016-12-16
321,2,"0:41",41,41,"Nate Renfro Defensive Rebound.",77,77,0,0.469119451090467,"San Francisco","Portland State",6,1,0,1,8.5,400915782,2016-12-16
322,2,"0:39",39,39,"Foul on Deontae North.",77,77,0,0.58106042513799,"San Francisco","Portland State",6,1,0,1,8.5,400915782,2016-12-16
323,2,"0:39",39,39,"Nate Renfro missed Free Throw.",77,77,0,0.58106042513799,"San Francisco","Portland State",6,1,0,1,8.5,400915782,2016-12-16
324,2,"0:39",39,39,"San Francisco Deadball Team Rebound.",77,77,0,0.58106042513799,"San Francisco","Portland State",6,1,0,1,8.5,400915782,2016-12-16
325,2,"0:39",39,39,"Nate Renfro made Free Throw.",78,77,1,0.783141385243192,"San Francisco","Portland State",6,1,0,1,8.5,400915782,2016-12-16
326,2,"0:39",39,39,"San Francisco  Timeout",78,77,1,0.783141385243192,"San Francisco","Portland State",6,0,0,1,8.5,400915782,2016-12-16
327,2,"0:37",37,37,"Foul on Nate Renfro.",78,77,1,0.731637556294279,"San Francisco","Portland State",6,0,0,1,8.5,400915782,2016-12-16
328,2,"0:37",37,37,"Calaen Robinson made Free Throw.",78,78,0,0.516406904349342,"San Francisco","Portland State",6,0,0,1,8.5,400915782,2016-12-16
329,2,"0:37",37,37,"Calaen Robinson made Free Throw.",78,79,-1,0.29491225052446,"San Francisco","Portland State",6,0,0,1,8.5,400915782,2016-12-16
330,2,"0:08",8,8,"Jordan Ratinho missed Three Point Jumper.",78,79,-1,0.246928243259144,"San Francisco","Portland State",6,0,0,1,8.5,400915782,2016-12-16
331,2,"0:08",8,8,"Matt McCarthy Offensive Rebound.",78,79,-1,0.246928243259144,"San Francisco","Portland State",6,0,0,1,8.5,400915782,2016-12-16
332,2,"0:05",5,5,"Foul on Deontae North.",78,79,-1,0.246928243259144,"San Francisco","Portland State",6,0,0,1,8.5,400915782,2016-12-16
333,2,"0:05",5,5,"Matt McCarthy missed Free Throw.",78,79,-1,0.246928243259144,"San Francisco","Portland State",6,0,0,1,8.5,400915782,2016-12-16
334,2,"0:05",5,5,"San Francisco Deadball Team Rebound.",78,79,-1,0.246928243259144,"San Francisco","Portland State",6,0,0,1,8.5,400915782,2016-12-16
335,2,"0:05",5,5,"Matt McCarthy missed Free Throw.",78,79,-1,0.246928243259144,"San Francisco","Portland State",6,0,0,1,8.5,400915782,2016-12-16
336,2,"0:05",5,5,"Traylin Farris Defensive Rebound.",78,79,-1,0.246928243259144,"San Francisco","Portland State",6,0,0,1,8.5,400915782,2016-12-16
337,2,"0:03",3,3,"Foul on Nate Renfro.",78,79,-1,0.212147933846415,"San Francisco","Portland State",6,0,0,1,8.5,400915782,2016-12-16
338,2,"0:03",3,3,"Traylin Farris missed Free Throw.",78,79,-1,0.212147933846415,"San Francisco","Portland State",6,0,0,1,8.5,400915782,2016-12-16
339,2,"0:03",3,3,"Portland St Deadball Team Rebound.",78,79,-1,0.212147933846415,"San Francisco","Portland State",6,0,0,1,8.5,400915782,2016-12-16
340,2,"0:03",3,3,"Traylin Farris made Free Throw.",78,80,-2,0.0458742288791485,"San Francisco","Portland State",6,0,0,1,8.5,400915782,2016-12-16
341,2,"0:03",3,3,"Ronnie Boyce Turnover.",78,80,-2,0.0458742288791485,"San Francisco","Portland State",6,0,0,1,8.5,400915782,2016-12-16
342,2,"0:01",1,1,"Calaen Robinson made Layup.",78,82,-4,0.0015305093772377,"San Francisco","Portland State",6,0,0,1,8.5,400915782,2016-12-16
343,2,"0:00",0,0,"End of Game",78,82,-4,2.59758412693403e-34,"San Francisco","Portland State",6,0,0,1,8.5,400915782,2016-12-16
