"play_id","half","time_remaining_half","secs_remaining","secs_remaining_absolute","description","home_score","away_score","score_diff","win_prob","home","away","home_time_out_remaining","away_time_out_remaining","home_timeout_ind","away_timeout_ind","home_favored_by","game_id","date"
1,1,"20:00",2400,2400,"PLAY",0,0,0,0.770231956908983,"Louisiana Tech","Marshall",4,4,0,0,5.5,400946190,2017-03-10
2,1,"19:38",2378,2378,"Omar Sherman Turnover.",0,0,0,0.766512861726686,"Louisiana Tech","Marshall",4,4,0,0,5.5,400946190,2017-03-10
3,1,"19:36",2376,2376,"Austin Loop Steal.",0,0,0,0.766512861726686,"Louisiana Tech","Marshall",4,4,0,0,5.5,400946190,2017-03-10
4,1,"19:07",2347,2347,"Stevie Browning missed Jumper.",0,0,0,0.755011942369354,"Louisiana Tech","Marshall",4,4,0,0,5.5,400946190,2017-03-10
5,1,"19:07",2347,2347,"Erik McCree Defensive Rebound.",0,0,0,0.755011942369354,"Louisiana Tech","Marshall",4,4,0,0,5.5,400946190,2017-03-10
6,1,"19:01",2341,2341,"Foul on Ryan Taylor.",0,0,0,0.755011942369354,"Louisiana Tech","Marshall",4,4,0,0,5.5,400946190,2017-03-10
7,1,"19:01",2341,2341,"Erik McCree made Free Throw.",1,0,1,0.771236920999339,"Louisiana Tech","Marshall",4,4,0,0,5.5,400946190,2017-03-10
8,1,"19:01",2341,2341,"Erik McCree made Free Throw.",2,0,2,0.786690941700624,"Louisiana Tech","Marshall",4,4,0,0,5.5,400946190,2017-03-10
9,1,"18:35",2315,2315,"Terrence Thompson made Three Point Jumper. Assisted by Ryan Taylor.",2,3,-1,0.726962396521441,"Louisiana Tech","Marshall",4,4,0,0,5.5,400946190,2017-03-10
10,1,"18:16",2296,2296,"Omar Sherman made Jumper. Assisted by Jacobi Boykins.",4,3,1,0.778961668267618,"Louisiana Tech","Marshall",4,4,0,0,5.5,400946190,2017-03-10
11,1,"18:05",2285,2285,"Austin Loop missed Three Point Jumper.",4,3,1,0.77188407726042,"Louisiana Tech","Marshall",4,4,0,0,5.5,400946190,2017-03-10
12,1,"18:05",2285,2285,"DaQuan Bracey Defensive Rebound.",4,3,1,0.77188407726042,"Louisiana Tech","Marshall",4,4,0,0,5.5,400946190,2017-03-10
13,1,"17:51",2271,2271,"Erik McCree missed Layup.",4,3,1,0.778490013747685,"Louisiana Tech","Marshall",4,4,0,0,5.5,400946190,2017-03-10
14,1,"17:51",2271,2271,"Omar Sherman Offensive Rebound.",4,3,1,0.778490013747685,"Louisiana Tech","Marshall",4,4,0,0,5.5,400946190,2017-03-10
15,1,"17:48",2268,2268,"Omar Sherman made Layup.",6,3,3,0.824599251597342,"Louisiana Tech","Marshall",4,4,0,0,5.5,400946190,2017-03-10
16,1,"17:35",2255,2255,"Terrence Thompson missed Three Point Jumper.",6,3,3,0.803395202985408,"Louisiana Tech","Marshall",4,4,0,0,5.5,400946190,2017-03-10
17,1,"17:35",2255,2255,"Erik McCree Defensive Rebound.",6,3,3,0.803395202985408,"Louisiana Tech","Marshall",4,4,0,0,5.5,400946190,2017-03-10
18,1,"17:28",2248,2248,"Derric Jean Turnover.",6,3,3,0.799495808110555,"Louisiana Tech","Marshall",4,4,0,0,5.5,400946190,2017-03-10
19,1,"17:16",2236,2236,"Jon Elmore made Three Point Jumper. Assisted by Austin Loop.",6,6,0,0.756653218134012,"Louisiana Tech","Marshall",4,4,0,0,5.5,400946190,2017-03-10
20,1,"16:41",2201,2201,"Louisiana Tech  Turnover.",6,6,0,0.754754705855337,"Louisiana Tech","Marshall",4,4,0,0,5.5,400946190,2017-03-10
21,1,"16:22",2182,2182,"Jon Elmore missed Jumper.",6,6,0,0.754048871978084,"Louisiana Tech","Marshall",4,4,0,0,5.5,400946190,2017-03-10
22,1,"16:22",2182,2182,"Erik McCree Defensive Rebound.",6,6,0,0.754048871978084,"Louisiana Tech","Marshall",4,4,0,0,5.5,400946190,2017-03-10
23,1,"16:13",2173,2173,"Derric Jean Turnover.",6,6,0,0.748656072646747,"Louisiana Tech","Marshall",4,4,0,0,5.5,400946190,2017-03-10
24,1,"15:56",2156,2156,"Ryan Taylor missed Jumper.",6,6,0,0.745604642204952,"Louisiana Tech","Marshall",4,4,0,0,5.5,400946190,2017-03-10
25,1,"15:56",2156,2156,"Erik McCree Block.",6,6,0,0.745604642204952,"Louisiana Tech","Marshall",4,4,0,0,5.5,400946190,2017-03-10
26,1,"15:54",2154,2154,"Stevie Browning Offensive Rebound.",6,6,0,0.745604642204952,"Louisiana Tech","Marshall",4,4,0,0,5.5,400946190,2017-03-10
27,1,"15:44",2144,2144,"Stevie Browning made Layup.",6,8,-2,0.719202278425964,"Louisiana Tech","Marshall",4,4,0,0,5.5,400946190,2017-03-10
28,1,"15:26",2126,2126,"Erik McCree made Jumper.",8,8,0,0.746456367784671,"Louisiana Tech","Marshall",4,4,0,0,5.5,400946190,2017-03-10
29,1,"15:14",2114,2114,"Stevie Browning made Three Point Jumper. Assisted by Jon Elmore.",8,11,-3,0.684304259084419,"Louisiana Tech","Marshall",4,4,0,0,5.5,400946190,2017-03-10
30,1,"15:02",2102,2102,"Omar Sherman missed Layup.",8,11,-3,0.676406712675146,"Louisiana Tech","Marshall",4,4,0,0,5.5,400946190,2017-03-10
31,1,"15:02",2102,2102,"Jon Elmore Block.",8,11,-3,0.676406712675146,"Louisiana Tech","Marshall",4,4,0,0,5.5,400946190,2017-03-10
32,1,"15:01",2101,2101,"Austin Loop Defensive Rebound.",8,11,-3,0.676406712675146,"Louisiana Tech","Marshall",4,4,0,0,5.5,400946190,2017-03-10
33,1,"14:52",2092,2092,"Stevie Browning made Three Point Jumper. Assisted by Austin Loop.",8,14,-6,0.577551272845269,"Louisiana Tech","Marshall",4,4,0,0,5.5,400946190,2017-03-10
34,1,"14:29",2069,2069,"Omar Sherman made Jumper. Assisted by Jacobi Boykins.",10,14,-4,0.638258621026993,"Louisiana Tech","Marshall",4,4,0,0,5.5,400946190,2017-03-10
35,1,"14:10",2050,2050,"Jon Elmore Turnover.",10,14,-4,0.654446452421662,"Louisiana Tech","Marshall",4,4,0,0,5.5,400946190,2017-03-10
36,1,"14:10",2050,2050,"Official TV Timeout",10,14,-4,0.654446452421662,"Louisiana Tech","Marshall",4,4,0,0,5.5,400946190,2017-03-10
37,1,"13:53",2033,2033,"Jacobi Boykins missed Three Point Jumper.",10,14,-4,0.671643196826694,"Louisiana Tech","Marshall",4,4,0,0,5.5,400946190,2017-03-10
38,1,"13:53",2033,2033,"Louisiana Tech Offensive Rebound.",10,14,-4,0.671643196826694,"Louisiana Tech","Marshall",4,4,0,0,5.5,400946190,2017-03-10
39,1,"13:30",2010,2010,"Derric Jean missed Layup.",10,14,-4,0.653678711007025,"Louisiana Tech","Marshall",4,4,0,0,5.5,400946190,2017-03-10
40,1,"13:30",2010,2010,"Derric Jean Offensive Rebound.",10,14,-4,0.653678711007025,"Louisiana Tech","Marshall",4,4,0,0,5.5,400946190,2017-03-10
41,1,"13:27",2007,2007,"Derric Jean missed Two Point Tip Shot.",10,14,-4,0.647965499362556,"Louisiana Tech","Marshall",4,4,0,0,5.5,400946190,2017-03-10
42,1,"13:27",2007,2007,"Joniah White Offensive Rebound.",10,14,-4,0.647965499362556,"Louisiana Tech","Marshall",4,4,0,0,5.5,400946190,2017-03-10
43,1,"13:24",2004,2004,"Joniah White made Layup.",12,14,-2,0.696526227784798,"Louisiana Tech","Marshall",4,4,0,0,5.5,400946190,2017-03-10
44,1,"13:05",1985,1985,"Stevie Browning missed Three Point Jumper.",12,14,-2,0.678116705493212,"Louisiana Tech","Marshall",4,4,0,0,5.5,400946190,2017-03-10
45,1,"13:05",1985,1985,"C.J. Burks Offensive Rebound.",12,14,-2,0.678116705493212,"Louisiana Tech","Marshall",4,4,0,0,5.5,400946190,2017-03-10
46,1,"12:58",1978,1978,"Ajdin Penava made Three Point Jumper. Assisted by C.J. Burks.",12,17,-5,0.615920411717895,"Louisiana Tech","Marshall",4,4,0,0,5.5,400946190,2017-03-10
47,1,"12:29",1949,1949,"Erik McCree missed Layup.",12,17,-5,0.603315500390232,"Louisiana Tech","Marshall",4,4,0,0,5.5,400946190,2017-03-10
48,1,"12:29",1949,1949,"Ajdin Penava Block.",12,17,-5,0.603315500390232,"Louisiana Tech","Marshall",4,4,0,0,5.5,400946190,2017-03-10
49,1,"12:28",1948,1948,"Ryan Taylor Defensive Rebound.",12,17,-5,0.603315500390232,"Louisiana Tech","Marshall",4,4,0,0,5.5,400946190,2017-03-10
50,1,"12:28",1948,1948,"Foul on Erik McCree.",12,17,-5,0.603315500390232,"Louisiana Tech","Marshall",4,4,0,0,5.5,400946190,2017-03-10
51,1,"12:21",1941,1941,"Ajdin Penava Turnover.",12,17,-5,0.603315500390232,"Louisiana Tech","Marshall",4,4,0,0,5.5,400946190,2017-03-10
52,1,"12:21",1941,1941,"Derric Jean Steal.",12,17,-5,0.603315500390232,"Louisiana Tech","Marshall",4,4,0,0,5.5,400946190,2017-03-10
53,1,"12:20",1940,1940,"Foul on Derric Jean.",12,17,-5,0.603315500390232,"Louisiana Tech","Marshall",4,4,0,0,5.5,400946190,2017-03-10
54,1,"12:20",1940,1940,"Derric Jean Turnover.",12,17,-5,0.603315500390232,"Louisiana Tech","Marshall",4,4,0,0,5.5,400946190,2017-03-10
55,1,"12:07",1927,1927,"C.J. Burks made Three Point Jumper. Assisted by Ryan Taylor.",12,20,-8,0.514217130439826,"Louisiana Tech","Marshall",4,4,0,0,5.5,400946190,2017-03-10
56,1,"11:47",1907,1907,"Foul on Jon Elmore.",12,20,-8,0.531115558090767,"Louisiana Tech","Marshall",4,4,0,0,5.5,400946190,2017-03-10
57,1,"11:47",1907,1907,"Official TV Timeout",12,20,-8,0.531115558090767,"Louisiana Tech","Marshall",4,4,0,0,5.5,400946190,2017-03-10
58,1,"11:47",1907,1907,"Derric Jean made Free Throw.",13,20,-7,0.560111714131562,"Louisiana Tech","Marshall",4,4,0,0,5.5,400946190,2017-03-10
59,1,"11:47",1907,1907,"Derric Jean made Free Throw.",14,20,-6,0.58870333961744,"Louisiana Tech","Marshall",4,4,0,0,5.5,400946190,2017-03-10
60,1,"11:34",1894,1894,"Ryan Taylor missed Layup.",14,20,-6,0.561394499420801,"Louisiana Tech","Marshall",4,4,0,0,5.5,400946190,2017-03-10
61,1,"11:34",1894,1894,"Joniah White Block.",14,20,-6,0.561394499420801,"Louisiana Tech","Marshall",4,4,0,0,5.5,400946190,2017-03-10
62,1,"11:32",1892,1892,"Derric Jean Defensive Rebound.",14,20,-6,0.561394499420801,"Louisiana Tech","Marshall",4,4,0,0,5.5,400946190,2017-03-10
63,1,"11:28",1888,1888,"Derric Jean made Layup. Assisted by Erik McCree.",16,20,-4,0.633724101921482,"Louisiana Tech","Marshall",4,4,0,0,5.5,400946190,2017-03-10
64,1,"11:04",1864,1864,"Foul on Jacobi Boykins.",16,20,-4,0.628005856507531,"Louisiana Tech","Marshall",4,4,0,0,5.5,400946190,2017-03-10
65,1,"11:04",1864,1864,"Jacobi Boykins Turnover.",16,20,-4,0.628005856507531,"Louisiana Tech","Marshall",4,4,0,0,5.5,400946190,2017-03-10
66,1,"10:55",1855,1855,"Jon Elmore made Three Point Jumper.",16,23,-7,0.539053515716863,"Louisiana Tech","Marshall",4,4,0,0,5.5,400946190,2017-03-10
67,1,"10:36",1836,1836,"Foul on Ajdin Penava.",16,23,-7,0.534794061267935,"Louisiana Tech","Marshall",4,4,0,0,5.5,400946190,2017-03-10
68,1,"10:30",1830,1830,"Jalen Harris Turnover.",16,23,-7,0.534794061267935,"Louisiana Tech","Marshall",4,4,0,0,5.5,400946190,2017-03-10
69,1,"10:29",1829,1829,"Stevie Browning Steal.",16,23,-7,0.5722701865032,"Louisiana Tech","Marshall",4,4,0,0,5.5,400946190,2017-03-10
70,1,"10:11",1811,1811,"Austin Loop made Three Point Jumper. Assisted by Ryan Taylor.",16,26,-10,0.413110452838449,"Louisiana Tech","Marshall",4,4,0,0,5.5,400946190,2017-03-10
71,1,"9:53",1793,1793,"Jalen Harris Turnover.",16,26,-10,0.419665509974496,"Louisiana Tech","Marshall",4,4,0,0,5.5,400946190,2017-03-10
72,1,"9:43",1783,1783,"Foul on Derric Jean.",16,26,-10,0.385540399410079,"Louisiana Tech","Marshall",4,4,0,0,5.5,400946190,2017-03-10
73,1,"9:43",1783,1783,"Stevie Browning made Free Throw.",16,27,-11,0.353339918836492,"Louisiana Tech","Marshall",4,4,0,0,5.5,400946190,2017-03-10
74,1,"9:43",1783,1783,"Stevie Browning made Free Throw.",16,28,-12,0.322417661483821,"Louisiana Tech","Marshall",4,4,0,0,5.5,400946190,2017-03-10
75,1,"9:25",1765,1765,"Erik McCree missed Three Point Jumper.",16,28,-12,0.380628498702438,"Louisiana Tech","Marshall",4,4,0,0,5.5,400946190,2017-03-10
76,1,"9:25",1765,1765,"Ajdin Penava Defensive Rebound.",16,28,-12,0.380628498702438,"Louisiana Tech","Marshall",4,4,0,0,5.5,400946190,2017-03-10
77,1,"9:15",1755,1755,"Ajdin Penava missed Three Point Jumper.",16,28,-12,0.327707675280399,"Louisiana Tech","Marshall",4,4,0,0,5.5,400946190,2017-03-10
78,1,"9:15",1755,1755,"Erik McCree Defensive Rebound.",16,28,-12,0.327707675280399,"Louisiana Tech","Marshall",4,4,0,0,5.5,400946190,2017-03-10
79,1,"9:04",1744,1744,"Foul on Ajdin Penava.",16,28,-12,0.379043513816776,"Louisiana Tech","Marshall",4,4,0,0,5.5,400946190,2017-03-10
80,1,"9:03",1743,1743,"Erik McCree made Layup. Assisted by DaQuan Bracey.",18,28,-10,0.440042593938553,"Louisiana Tech","Marshall",4,4,0,0,5.5,400946190,2017-03-10
81,1,"8:47",1727,1727,"Foul on DaQuan Bracey.",18,28,-10,0.407896576899135,"Louisiana Tech","Marshall",4,4,0,0,5.5,400946190,2017-03-10
82,1,"8:43",1723,1723,"Foul on DaQuan Bracey.",18,28,-10,0.407896576899135,"Louisiana Tech","Marshall",4,4,0,0,5.5,400946190,2017-03-10
83,1,"8:30",1710,1710,"C.J. Burks made Layup.",18,30,-12,0.366844927003838,"Louisiana Tech","Marshall",4,4,0,0,5.5,400946190,2017-03-10
84,1,"8:10",1690,1690,"Jacobi Boykins missed Layup.",18,30,-12,0.331494515339124,"Louisiana Tech","Marshall",4,4,0,0,5.5,400946190,2017-03-10
85,1,"8:10",1690,1690,"Jacobi Boykins Offensive Rebound.",18,30,-12,0.331494515339124,"Louisiana Tech","Marshall",4,4,0,0,5.5,400946190,2017-03-10
86,1,"8:07",1687,1687,"Jacobi Boykins missed Three Point Jumper.",18,30,-12,0.331620102005961,"Louisiana Tech","Marshall",4,4,0,0,5.5,400946190,2017-03-10
87,1,"8:07",1687,1687,"Ajdin Penava Defensive Rebound.",18,30,-12,0.331620102005961,"Louisiana Tech","Marshall",4,4,0,0,5.5,400946190,2017-03-10
88,1,"7:50",1670,1670,"Jon Elmore made Three Point Jumper. Assisted by Ajdin Penava.",18,33,-15,0.257418434179624,"Louisiana Tech","Marshall",4,4,1,0,5.5,400946190,2017-03-10
89,1,"7:50",1670,1670,"Louisiana Tech  Timeout",18,33,-15,0.257418434179624,"Louisiana Tech","Marshall",3,4,1,0,5.5,400946190,2017-03-10
90,1,"7:35",1655,1655,"DaQuan Bracey missed Layup.",18,33,-15,0.27010884145928,"Louisiana Tech","Marshall",3,4,1,0,5.5,400946190,2017-03-10
91,1,"7:35",1655,1655,"Jy'lan Washington Offensive Rebound.",18,33,-15,0.27010884145928,"Louisiana Tech","Marshall",3,4,1,0,5.5,400946190,2017-03-10
92,1,"7:33",1653,1653,"Foul on Austin Loop.",18,33,-15,0.27010884145928,"Louisiana Tech","Marshall",3,4,1,0,5.5,400946190,2017-03-10
93,1,"7:33",1653,1653,"Jy'lan Washington made Free Throw.",19,33,-14,0.297025134701699,"Louisiana Tech","Marshall",3,4,1,0,5.5,400946190,2017-03-10
94,1,"7:33",1653,1653,"Jy'lan Washington made Free Throw.",20,33,-13,0.325427749707509,"Louisiana Tech","Marshall",3,4,1,0,5.5,400946190,2017-03-10
95,1,"7:21",1641,1641,"C.J. Burks Turnover.",20,33,-13,0.3127392089406,"Louisiana Tech","Marshall",3,4,1,0,5.5,400946190,2017-03-10
96,1,"7:20",1640,1640,"Jacobi Boykins Steal.",20,33,-13,0.3127392089406,"Louisiana Tech","Marshall",3,4,1,0,5.5,400946190,2017-03-10
97,1,"7:16",1636,1636,"Jacobi Boykins missed Layup.",20,33,-13,0.333924102323387,"Louisiana Tech","Marshall",3,4,1,0,5.5,400946190,2017-03-10
98,1,"7:16",1636,1636,"Omar Sherman Offensive Rebound.",20,33,-13,0.333924102323387,"Louisiana Tech","Marshall",3,4,1,0,5.5,400946190,2017-03-10
99,1,"7:12",1632,1632,"Jacobi Boykins missed Three Point Jumper.",20,33,-13,0.333924102323387,"Louisiana Tech","Marshall",3,4,1,0,5.5,400946190,2017-03-10
100,1,"7:12",1632,1632,"Terrence Thompson Defensive Rebound.",20,33,-13,0.333924102323387,"Louisiana Tech","Marshall",3,4,1,0,5.5,400946190,2017-03-10
101,1,"6:59",1619,1619,"Jon Elmore made Three Point Jumper.",20,36,-16,0.205541584752858,"Louisiana Tech","Marshall",3,4,1,0,5.5,400946190,2017-03-10
102,1,"6:45",1605,1605,"DaQuan Bracey made Layup.",22,36,-14,0.298670277032071,"Louisiana Tech","Marshall",3,4,0,0,5.5,400946190,2017-03-10
103,1,"6:16",1576,1576,"Terrence Thompson Turnover.",22,36,-14,0.236230146156159,"Louisiana Tech","Marshall",3,4,0,0,5.5,400946190,2017-03-10
104,1,"6:15",1575,1575,"Jacobi Boykins Steal.",22,36,-14,0.236230146156159,"Louisiana Tech","Marshall",3,4,0,0,5.5,400946190,2017-03-10
105,1,"6:08",1568,1568,"Jacobi Boykins made Layup. Assisted by DaQuan Bracey.",24,36,-12,0.313144119085043,"Louisiana Tech","Marshall",3,4,0,0,5.5,400946190,2017-03-10
106,1,"5:51",1551,1551,"Jon Elmore missed Three Point Jumper.",24,36,-12,0.308784631047846,"Louisiana Tech","Marshall",3,4,0,0,5.5,400946190,2017-03-10
107,1,"5:51",1551,1551,"Erik McCree Defensive Rebound.",24,36,-12,0.308784631047846,"Louisiana Tech","Marshall",3,4,0,0,5.5,400946190,2017-03-10
108,1,"5:23",1523,1523,"DaQuan Bracey made Three Point Jumper. Assisted by Omar Sherman.",27,36,-9,0.4189860181934,"Louisiana Tech","Marshall",3,4,0,0,5.5,400946190,2017-03-10
109,1,"5:15",1515,1515,"Foul on Ryan Taylor.",27,36,-9,0.409790764465527,"Louisiana Tech","Marshall",3,4,0,0,5.5,400946190,2017-03-10
110,1,"5:15",1515,1515,"Ryan Taylor Turnover.",27,36,-9,0.409790764465527,"Louisiana Tech","Marshall",3,4,0,0,5.5,400946190,2017-03-10
111,1,"5:01",1501,1501,"Foul on Austin Loop.",27,36,-9,0.419760116559217,"Louisiana Tech","Marshall",3,4,0,0,5.5,400946190,2017-03-10
112,1,"5:01",1501,1501,"DaQuan Bracey made Free Throw.",28,36,-8,0.454803535046336,"Louisiana Tech","Marshall",3,4,0,0,5.5,400946190,2017-03-10
113,1,"5:01",1501,1501,"DaQuan Bracey missed Free Throw.",28,36,-8,0.454803535046336,"Louisiana Tech","Marshall",3,4,0,0,5.5,400946190,2017-03-10
114,1,"5:01",1501,1501,"Ryan Taylor Defensive Rebound.",28,36,-8,0.454803535046336,"Louisiana Tech","Marshall",3,4,0,0,5.5,400946190,2017-03-10
115,1,"4:48",1488,1488,"Ryan Taylor missed Layup.",28,36,-8,0.431244472019325,"Louisiana Tech","Marshall",3,4,0,0,5.5,400946190,2017-03-10
116,1,"4:48",1488,1488,"Jacobi Boykins Defensive Rebound.",28,36,-8,0.431244472019325,"Louisiana Tech","Marshall",3,4,0,0,5.5,400946190,2017-03-10
117,1,"4:33",1473,1473,"Joniah White made Jumper.",30,36,-6,0.525711252535251,"Louisiana Tech","Marshall",3,4,0,0,5.5,400946190,2017-03-10
118,1,"4:13",1453,1453,"Austin Loop made Three Point Jumper. Assisted by Jon Elmore.",30,39,-9,0.398366820648006,"Louisiana Tech","Marshall",3,4,0,0,5.5,400946190,2017-03-10
119,1,"3:57",1437,1437,"Erik McCree missed Three Point Jumper.",30,39,-9,0.402634102818951,"Louisiana Tech","Marshall",3,4,0,0,5.5,400946190,2017-03-10
120,1,"3:57",1437,1437,"Marshall Defensive Rebound.",30,39,-9,0.402634102818951,"Louisiana Tech","Marshall",3,4,0,0,5.5,400946190,2017-03-10
121,1,"3:53",1433,1433,"Official TV Timeout",30,39,-9,0.402634102818951,"Louisiana Tech","Marshall",3,4,0,0,5.5,400946190,2017-03-10
122,1,"3:42",1422,1422,"Austin Loop made Three Point Jumper. Assisted by Jon Elmore.",30,42,-12,0.297420976367171,"Louisiana Tech","Marshall",3,4,0,0,5.5,400946190,2017-03-10
123,1,"3:14",1394,1394,"Jalen Harris made Jumper. Assisted by Jacobi Boykins.",32,42,-10,0.356679541855171,"Louisiana Tech","Marshall",3,4,0,0,5.5,400946190,2017-03-10
124,1,"3:05",1385,1385,"Stevie Browning missed Three Point Jumper.",32,42,-10,0.373009105132058,"Louisiana Tech","Marshall",3,4,0,0,5.5,400946190,2017-03-10
125,1,"3:05",1385,1385,"DaQuan Bracey Defensive Rebound.",32,42,-10,0.373009105132058,"Louisiana Tech","Marshall",3,4,0,0,5.5,400946190,2017-03-10
126,1,"2:53",1373,1373,"Erik McCree made Layup.",34,42,-8,0.433430047454184,"Louisiana Tech","Marshall",3,4,0,0,5.5,400946190,2017-03-10
127,1,"2:39",1359,1359,"C.J. Burks missed Three Point Jumper.",34,42,-8,0.435058026610932,"Louisiana Tech","Marshall",3,4,0,0,5.5,400946190,2017-03-10
128,1,"2:39",1359,1359,"Erik McCree Defensive Rebound.",34,42,-8,0.435058026610932,"Louisiana Tech","Marshall",3,4,0,0,5.5,400946190,2017-03-10
129,1,"2:18",1338,1338,"Jacobi Boykins made Three Point Jumper. Assisted by DaQuan Bracey.",37,42,-5,0.517924927572527,"Louisiana Tech","Marshall",3,4,0,0,5.5,400946190,2017-03-10
130,1,"1:53",1313,1313,"Austin Loop made Three Point Jumper.",37,45,-8,0.425722937229788,"Louisiana Tech","Marshall",3,4,0,0,5.5,400946190,2017-03-10
131,1,"1:32",1292,1292,"Erik McCree missed Jumper.",37,45,-8,0.40018810416957,"Louisiana Tech","Marshall",3,4,0,0,5.5,400946190,2017-03-10
132,1,"1:32",1292,1292,"Ryan Taylor Defensive Rebound.",37,45,-8,0.40018810416957,"Louisiana Tech","Marshall",3,4,0,0,5.5,400946190,2017-03-10
133,1,"1:24",1284,1284,"Stevie Browning missed Jumper.",37,45,-8,0.435174554332535,"Louisiana Tech","Marshall",3,4,0,0,5.5,400946190,2017-03-10
134,1,"1:24",1284,1284,"Marshall Offensive Rebound.",37,45,-8,0.435174554332535,"Louisiana Tech","Marshall",3,4,0,0,5.5,400946190,2017-03-10
135,1,"1:24",1284,1284,"Foul on Jacobi Boykins.",37,45,-8,0.435174554332535,"Louisiana Tech","Marshall",3,4,0,0,5.5,400946190,2017-03-10
136,1,"1:24",1284,1284,"Ryan Taylor made Free Throw.",37,46,-9,0.398778326155601,"Louisiana Tech","Marshall",3,4,0,0,5.5,400946190,2017-03-10
137,1,"1:24",1284,1284,"Ryan Taylor missed Free Throw.",37,46,-9,0.398778326155601,"Louisiana Tech","Marshall",3,4,0,0,5.5,400946190,2017-03-10
138,1,"1:24",1284,1284,"Jalen Harris Defensive Rebound.",37,46,-9,0.398778326155601,"Louisiana Tech","Marshall",3,4,0,0,5.5,400946190,2017-03-10
139,1,"1:10",1270,1270,"Erik McCree missed Three Point Jumper.",37,46,-9,0.377026133533509,"Louisiana Tech","Marshall",3,4,0,0,5.5,400946190,2017-03-10
140,1,"1:10",1270,1270,"Stevie Browning Defensive Rebound.",37,46,-9,0.377026133533509,"Louisiana Tech","Marshall",3,4,0,0,5.5,400946190,2017-03-10
141,1,"0:44",1244,1244,"Jon Elmore made Three Point Jumper. Assisted by Austin Loop.",37,49,-12,0.279643652348052,"Louisiana Tech","Marshall",3,4,0,0,5.5,400946190,2017-03-10
142,1,"0:35",1235,1235,"Derric Jean missed Layup.",37,49,-12,0.250991901056602,"Louisiana Tech","Marshall",3,4,0,0,5.5,400946190,2017-03-10
143,1,"0:35",1235,1235,"Stevie Browning Defensive Rebound.",37,49,-12,0.250991901056602,"Louisiana Tech","Marshall",3,4,0,0,5.5,400946190,2017-03-10
144,1,"0:28",1228,1228,"Jon Elmore missed Three Point Jumper.",37,49,-12,0.245816734202179,"Louisiana Tech","Marshall",3,4,0,0,5.5,400946190,2017-03-10
145,1,"0:28",1228,1228,"Austin Loop Offensive Rebound.",37,49,-12,0.245816734202179,"Louisiana Tech","Marshall",3,4,0,0,5.5,400946190,2017-03-10
146,1,"0:23",1223,1223,"Stevie Browning missed Three Point Jumper.",37,49,-12,0.245816734202179,"Louisiana Tech","Marshall",3,4,0,0,5.5,400946190,2017-03-10
147,1,"0:23",1223,1223,"Erik McCree Defensive Rebound.",37,49,-12,0.245816734202179,"Louisiana Tech","Marshall",3,4,0,0,5.5,400946190,2017-03-10
148,1,"0:02",1202,1202,"Derric Jean made Three Point Jumper.",40,49,-9,0.366357226816288,"Louisiana Tech","Marshall",3,4,0,0,5.5,400946190,2017-03-10
149,1,"0:02",1202,1202,"Foul on C.J. Burks.",40,49,-9,0.366357226816288,"Louisiana Tech","Marshall",3,4,0,0,5.5,400946190,2017-03-10
150,1,"0:02",1202,1202,"Derric Jean made Free Throw.",41,49,-8,0.404048133404536,"Louisiana Tech","Marshall",3,4,0,0,5.5,400946190,2017-03-10
151,1,"0:00",1200,1200,"End of 1st half",41,49,-8,0.404048133404536,"Louisiana Tech","Marshall",3,4,0,0,5.5,400946190,2017-03-10
152,2,"20:00",1200,1200,"PLAY",41,49,-8,0.404048133404536,"Louisiana Tech","Marshall",4,4,0,0,5.5,400946190,2017-03-10
153,2,"19:41",1181,1181,"Foul on Jacobi Boykins.",41,49,-8,0.392633314498937,"Louisiana Tech","Marshall",4,4,0,0,5.5,400946190,2017-03-10
154,2,"19:41",1181,1181,"Ryan Taylor made Free Throw.",41,50,-9,0.353931545749445,"Louisiana Tech","Marshall",4,4,0,0,5.5,400946190,2017-03-10
155,2,"19:41",1181,1181,"Ryan Taylor made Free Throw.",41,51,-10,0.317053213750207,"Louisiana Tech","Marshall",4,4,0,0,5.5,400946190,2017-03-10
156,2,"19:27",1167,1167,"Omar Sherman made Layup. Assisted by Jalen Harris.",43,51,-8,0.38141223517574,"Louisiana Tech","Marshall",4,4,0,0,5.5,400946190,2017-03-10
157,2,"18:57",1137,1137,"Ryan Taylor missed Layup.",43,51,-8,0.402416327001331,"Louisiana Tech","Marshall",4,4,0,0,5.5,400946190,2017-03-10
158,2,"18:57",1137,1137,"Omar Sherman Block.",43,51,-8,0.402416327001331,"Louisiana Tech","Marshall",4,4,0,0,5.5,400946190,2017-03-10
159,2,"18:56",1136,1136,"Omar Sherman Defensive Rebound.",43,51,-8,0.402416327001331,"Louisiana Tech","Marshall",4,4,0,0,5.5,400946190,2017-03-10
160,2,"18:49",1129,1129,"Foul on Stevie Browning.",43,51,-8,0.343628245733987,"Louisiana Tech","Marshall",4,4,0,0,5.5,400946190,2017-03-10
161,2,"18:37",1117,1117,"Jalen Harris missed Three Point Jumper.",43,51,-8,0.368129273473901,"Louisiana Tech","Marshall",4,4,0,0,5.5,400946190,2017-03-10
162,2,"18:37",1117,1117,"Jon Elmore Defensive Rebound.",43,51,-8,0.368129273473901,"Louisiana Tech","Marshall",4,4,0,0,5.5,400946190,2017-03-10
163,2,"18:25",1105,1105,"Jon Elmore made Three Point Jumper. Assisted by Stevie Browning.",43,54,-11,0.285343799131059,"Louisiana Tech","Marshall",4,4,0,0,5.5,400946190,2017-03-10
164,2,"17:57",1077,1077,"DaQuan Bracey made Layup.",45,54,-9,0.340601305206508,"Louisiana Tech","Marshall",4,4,0,0,5.5,400946190,2017-03-10
165,2,"17:34",1054,1054,"Ryan Taylor Turnover.",45,54,-9,0.3208112320803,"Louisiana Tech","Marshall",4,4,0,0,5.5,400946190,2017-03-10
166,2,"17:33",1053,1053,"DaQuan Bracey Steal.",45,54,-9,0.3208112320803,"Louisiana Tech","Marshall",4,4,0,0,5.5,400946190,2017-03-10
167,2,"17:26",1046,1046,"Derric Jean Turnover.",45,54,-9,0.339570738447263,"Louisiana Tech","Marshall",4,4,0,0,5.5,400946190,2017-03-10
168,2,"17:24",1044,1044,"Stevie Browning Steal.",45,54,-9,0.339570738447263,"Louisiana Tech","Marshall",4,4,0,0,5.5,400946190,2017-03-10
169,2,"17:22",1042,1042,"Stevie Browning missed Layup.",45,54,-9,0.339570738447263,"Louisiana Tech","Marshall",4,4,0,0,5.5,400946190,2017-03-10
170,2,"17:22",1042,1042,"Derric Jean Block.",45,54,-9,0.339570738447263,"Louisiana Tech","Marshall",4,4,0,0,5.5,400946190,2017-03-10
171,2,"17:21",1041,1041,"Ryan Taylor Offensive Rebound.",45,54,-9,0.339570738447263,"Louisiana Tech","Marshall",4,4,0,0,5.5,400946190,2017-03-10
172,2,"17:18",1038,1038,"Ryan Taylor made Dunk.",45,56,-11,0.257463270620714,"Louisiana Tech","Marshall",4,4,0,0,5.5,400946190,2017-03-10
173,2,"16:57",1017,1017,"Erik McCree missed Layup.",45,56,-11,0.214515244959548,"Louisiana Tech","Marshall",4,4,0,0,5.5,400946190,2017-03-10
174,2,"16:57",1017,1017,"Louisiana Tech Offensive Rebound.",45,56,-11,0.214515244959548,"Louisiana Tech","Marshall",4,4,0,0,5.5,400946190,2017-03-10
175,2,"16:51",1011,1011,"Derric Jean made Jumper. Assisted by DaQuan Bracey.",47,56,-9,0.282395993417208,"Louisiana Tech","Marshall",4,4,0,0,5.5,400946190,2017-03-10
176,2,"16:31",991,991,"Jon Elmore missed Three Point Jumper.",47,56,-9,0.302638613132376,"Louisiana Tech","Marshall",4,4,0,0,5.5,400946190,2017-03-10
177,2,"16:31",991,991,"Derric Jean Defensive Rebound.",47,56,-9,0.302638613132376,"Louisiana Tech","Marshall",4,4,0,0,5.5,400946190,2017-03-10
178,2,"16:08",968,968,"DaQuan Bracey missed Layup.",47,56,-9,0.284015767885243,"Louisiana Tech","Marshall",4,4,0,0,5.5,400946190,2017-03-10
179,2,"16:08",968,968,"Jy'lan Washington Offensive Rebound.",47,56,-9,0.284015767885243,"Louisiana Tech","Marshall",4,4,0,0,5.5,400946190,2017-03-10
180,2,"16:07",967,967,"Foul on Terrence Thompson.",47,56,-9,0.284015767885243,"Louisiana Tech","Marshall",4,4,0,0,5.5,400946190,2017-03-10
181,2,"16:00",960,960,"Derric Jean Turnover.",47,56,-9,0.284015767885243,"Louisiana Tech","Marshall",4,4,0,0,5.5,400946190,2017-03-10
182,2,"15:59",959,959,"Ryan Taylor Steal.",47,56,-9,0.287518442914941,"Louisiana Tech","Marshall",4,4,0,0,5.5,400946190,2017-03-10
183,2,"15:40",940,940,"Ryan Taylor made Jumper.",47,58,-11,0.228832482379672,"Louisiana Tech","Marshall",4,4,0,0,5.5,400946190,2017-03-10
184,2,"15:23",923,923,"Foul on Jon Elmore.",47,58,-11,0.191708771850232,"Louisiana Tech","Marshall",4,4,0,0,5.5,400946190,2017-03-10
185,2,"15:23",923,923,"Official TV Timeout",47,58,-11,0.191708771850232,"Louisiana Tech","Marshall",4,4,0,0,5.5,400946190,2017-03-10
186,2,"15:23",923,923,"DaQuan Bracey made Free Throw.",48,58,-10,0.223485247053316,"Louisiana Tech","Marshall",4,4,0,0,5.5,400946190,2017-03-10
187,2,"15:23",923,923,"DaQuan Bracey made Free Throw.",49,58,-9,0.258842101901977,"Louisiana Tech","Marshall",4,4,0,0,5.5,400946190,2017-03-10
188,2,"14:53",893,893,"Foul on Austin Loop.",49,58,-9,0.282472703087812,"Louisiana Tech","Marshall",4,4,0,0,5.5,400946190,2017-03-10
189,2,"14:53",893,893,"Austin Loop Turnover.",49,58,-9,0.282472703087812,"Louisiana Tech","Marshall",4,4,0,0,5.5,400946190,2017-03-10
190,2,"14:33",873,873,"Jy'lan Washington made Three Point Jumper. Assisted by Derric Jean.",52,58,-6,0.413249324651915,"Louisiana Tech","Marshall",4,4,0,0,5.5,400946190,2017-03-10
191,2,"14:09",849,849,"Foul on DaQuan Bracey.",52,58,-6,0.370637016296343,"Louisiana Tech","Marshall",4,4,0,0,5.5,400946190,2017-03-10
192,2,"13:56",836,836,"Stevie Browning made Layup.",52,60,-8,0.308061338484609,"Louisiana Tech","Marshall",4,4,0,0,5.5,400946190,2017-03-10
193,2,"13:41",821,821,"Derric Jean Turnover.",52,60,-8,0.329198908145513,"Louisiana Tech","Marshall",4,4,0,0,5.5,400946190,2017-03-10
194,2,"13:21",801,801,"Stevie Browning missed Three Point Jumper.",52,60,-8,0.315445700689008,"Louisiana Tech","Marshall",4,4,0,0,5.5,400946190,2017-03-10
195,2,"13:21",801,801,"Jacobi Boykins Defensive Rebound.",52,60,-8,0.315445700689008,"Louisiana Tech","Marshall",4,4,0,0,5.5,400946190,2017-03-10
196,2,"13:13",793,793,"Jalen Harris made Layup.",54,60,-6,0.359628092096204,"Louisiana Tech","Marshall",4,4,0,0,5.5,400946190,2017-03-10
197,2,"13:03",783,783,"Ryan Taylor made Layup. Assisted by Stevie Browning.",54,62,-8,0.290303629393354,"Louisiana Tech","Marshall",4,4,0,0,5.5,400946190,2017-03-10
198,2,"13:03",783,783,"Foul on Jalen Harris.",54,62,-8,0.290303629393354,"Louisiana Tech","Marshall",4,4,0,0,5.5,400946190,2017-03-10
199,2,"13:03",783,783,"Ryan Taylor missed Free Throw.",54,62,-8,0.290303629393354,"Louisiana Tech","Marshall",4,4,0,0,5.5,400946190,2017-03-10
200,2,"13:03",783,783,"Joniah White Defensive Rebound.",54,62,-8,0.290303629393354,"Louisiana Tech","Marshall",4,4,0,0,5.5,400946190,2017-03-10
201,2,"12:54",774,774,"Jalen Harris made Layup.",56,62,-6,0.378640788313927,"Louisiana Tech","Marshall",4,4,0,0,5.5,400946190,2017-03-10
202,2,"12:54",774,774,"Foul on Ajdin Penava.",56,62,-6,0.378640788313927,"Louisiana Tech","Marshall",4,4,0,0,5.5,400946190,2017-03-10
203,2,"12:54",774,774,"Jalen Harris made Free Throw.",57,62,-5,0.429185820636149,"Louisiana Tech","Marshall",4,4,0,0,5.5,400946190,2017-03-10
204,2,"12:42",762,762,"C.J. Burks Turnover.",57,62,-5,0.446562467930262,"Louisiana Tech","Marshall",4,4,0,0,5.5,400946190,2017-03-10
205,2,"12:23",743,743,"Derric Jean missed Layup.",57,62,-5,0.402041369689089,"Louisiana Tech","Marshall",4,4,0,0,5.5,400946190,2017-03-10
206,2,"12:23",743,743,"Ajdin Penava Block.",57,62,-5,0.402041369689089,"Louisiana Tech","Marshall",4,4,0,0,5.5,400946190,2017-03-10
207,2,"12:22",742,742,"Joniah White Offensive Rebound.",57,62,-5,0.402041369689089,"Louisiana Tech","Marshall",4,4,0,0,5.5,400946190,2017-03-10
208,2,"12:21",741,741,"Joniah White missed Layup.",57,62,-5,0.402041369689089,"Louisiana Tech","Marshall",4,4,0,0,5.5,400946190,2017-03-10
209,2,"12:21",741,741,"Ajdin Penava Block.",57,62,-5,0.402041369689089,"Louisiana Tech","Marshall",4,4,0,0,5.5,400946190,2017-03-10
210,2,"12:21",741,741,"Louisiana Tech Offensive Rebound.",57,62,-5,0.402041369689089,"Louisiana Tech","Marshall",4,4,0,0,5.5,400946190,2017-03-10
211,2,"12:19",739,739,"Jalen Harris missed Jumper.",57,62,-5,0.414461870313553,"Louisiana Tech","Marshall",4,4,0,0,5.5,400946190,2017-03-10
212,2,"12:19",739,739,"Stevie Browning Defensive Rebound.",57,62,-5,0.414461870313553,"Louisiana Tech","Marshall",4,4,0,0,5.5,400946190,2017-03-10
213,2,"12:06",726,726,"Ajdin Penava missed Three Point Jumper.",57,62,-5,0.424675022244534,"Louisiana Tech","Marshall",4,4,0,0,5.5,400946190,2017-03-10
214,2,"12:06",726,726,"Erik McCree Defensive Rebound.",57,62,-5,0.424675022244534,"Louisiana Tech","Marshall",4,4,0,0,5.5,400946190,2017-03-10
215,2,"11:53",713,713,"Erik McCree missed Three Point Jumper.",57,62,-5,0.398752499358159,"Louisiana Tech","Marshall",4,4,0,0,5.5,400946190,2017-03-10
216,2,"11:53",713,713,"Jalen Harris Offensive Rebound.",57,62,-5,0.398752499358159,"Louisiana Tech","Marshall",4,4,0,0,5.5,400946190,2017-03-10
217,2,"11:48",708,708,"Jalen Harris made Layup.",59,62,-3,0.523430451199123,"Louisiana Tech","Marshall",4,4,0,0,5.5,400946190,2017-03-10
218,2,"11:29",689,689,"Stevie Browning missed Three Point Jumper.",59,62,-3,0.508585543939104,"Louisiana Tech","Marshall",4,4,0,0,5.5,400946190,2017-03-10
219,2,"11:29",689,689,"Derric Jean Defensive Rebound.",59,62,-3,0.508585543939104,"Louisiana Tech","Marshall",4,4,0,0,5.5,400946190,2017-03-10
220,2,"11:14",674,674,"Foul on Ajdin Penava.",59,62,-3,0.502403123153715,"Louisiana Tech","Marshall",4,4,0,0,5.5,400946190,2017-03-10
221,2,"11:14",674,674,"Official TV Timeout",59,62,-3,0.502403123153715,"Louisiana Tech","Marshall",4,4,0,0,5.5,400946190,2017-03-10
222,2,"11:14",674,674,"Joniah White missed Free Throw.",59,62,-3,0.502403123153715,"Louisiana Tech","Marshall",4,4,0,0,5.5,400946190,2017-03-10
223,2,"11:14",674,674,"Louisiana Tech Deadball Team Rebound.",59,62,-3,0.502403123153715,"Louisiana Tech","Marshall",4,4,0,0,5.5,400946190,2017-03-10
224,2,"11:14",674,674,"Joniah White missed Free Throw.",59,62,-3,0.502403123153715,"Louisiana Tech","Marshall",4,4,0,0,5.5,400946190,2017-03-10
225,2,"11:14",674,674,"Austin Loop Defensive Rebound.",59,62,-3,0.502403123153715,"Louisiana Tech","Marshall",4,4,0,0,5.5,400946190,2017-03-10
226,2,"10:54",654,654,"Jon Elmore made Three Point Jumper. Assisted by Stevie Browning.",59,65,-6,0.335948449340681,"Louisiana Tech","Marshall",4,4,0,0,5.5,400946190,2017-03-10
227,2,"10:27",627,627,"Jacobi Boykins missed Three Point Jumper.",59,65,-6,0.321126617334918,"Louisiana Tech","Marshall",4,4,0,0,5.5,400946190,2017-03-10
228,2,"10:27",627,627,"Austin Loop Defensive Rebound.",59,65,-6,0.321126617334918,"Louisiana Tech","Marshall",4,4,0,0,5.5,400946190,2017-03-10
229,2,"9:58",598,598,"Jon Elmore missed Jumper.",59,65,-6,0.319904194194702,"Louisiana Tech","Marshall",4,4,0,0,5.5,400946190,2017-03-10
230,2,"9:58",598,598,"Joniah White Defensive Rebound.",59,65,-6,0.319904194194702,"Louisiana Tech","Marshall",4,4,0,0,5.5,400946190,2017-03-10
231,2,"9:48",588,588,"Jalen Harris missed Layup.",59,65,-6,0.306564418624731,"Louisiana Tech","Marshall",4,4,0,0,5.5,400946190,2017-03-10
232,2,"9:48",588,588,"Ryan Taylor Defensive Rebound.",59,65,-6,0.306564418624731,"Louisiana Tech","Marshall",4,4,0,0,5.5,400946190,2017-03-10
233,2,"9:39",579,579,"Austin Loop made Three Point Jumper. Assisted by Stevie Browning.",59,68,-9,0.182992819516465,"Louisiana Tech","Marshall",4,4,0,0,5.5,400946190,2017-03-10
234,2,"9:36",576,576,"Louisiana Tech  Timeout",59,68,-9,0.182992819516465,"Louisiana Tech","Marshall",3,4,1,0,5.5,400946190,2017-03-10
235,2,"9:21",561,561,"Jacobi Boykins missed Layup.",59,68,-9,0.176400946101798,"Louisiana Tech","Marshall",3,4,1,0,5.5,400946190,2017-03-10
236,2,"9:21",561,561,"Ryan Taylor Defensive Rebound.",59,68,-9,0.176400946101798,"Louisiana Tech","Marshall",3,4,1,0,5.5,400946190,2017-03-10
237,2,"9:08",548,548,"Stevie Browning made Layup.",59,70,-11,0.0863731865294208,"Louisiana Tech","Marshall",3,4,1,0,5.5,400946190,2017-03-10
238,2,"8:47",527,527,"Erik McCree made Layup. Assisted by Jacobi Boykins.",61,70,-9,0.139912894391265,"Louisiana Tech","Marshall",3,4,1,0,5.5,400946190,2017-03-10
239,2,"8:33",513,513,"Stevie Browning missed Layup.",61,70,-9,0.137455791590612,"Louisiana Tech","Marshall",3,4,0,0,5.5,400946190,2017-03-10
240,2,"8:33",513,513,"Jacobi Boykins Defensive Rebound.",61,70,-9,0.137455791590612,"Louisiana Tech","Marshall",3,4,0,0,5.5,400946190,2017-03-10
241,2,"8:19",499,499,"Erik McCree made Layup.",63,70,-7,0.231777325124476,"Louisiana Tech","Marshall",3,4,0,0,5.5,400946190,2017-03-10
242,2,"7:57",477,477,"Ryan Taylor made Layup. Assisted by Jon Elmore.",63,72,-9,0.122831477319592,"Louisiana Tech","Marshall",3,4,0,0,5.5,400946190,2017-03-10
243,2,"7:37",457,457,"Foul on C.J. Burks.",63,72,-9,0.0917767566239882,"Louisiana Tech","Marshall",3,4,0,0,5.5,400946190,2017-03-10
244,2,"7:37",457,457,"Official TV Timeout",63,72,-9,0.0917767566239882,"Louisiana Tech","Marshall",3,4,0,0,5.5,400946190,2017-03-10
245,2,"7:37",457,457,"Erik McCree made Free Throw.",64,72,-8,0.121842808723301,"Louisiana Tech","Marshall",3,4,0,0,5.5,400946190,2017-03-10
246,2,"7:37",457,457,"Erik McCree made Free Throw.",65,72,-7,0.160023053340186,"Louisiana Tech","Marshall",3,4,0,0,5.5,400946190,2017-03-10
247,2,"7:08",428,428,"Austin Loop made Three Point Jumper. Assisted by Stevie Browning.",65,75,-10,0.0810105943409775,"Louisiana Tech","Marshall",3,4,0,0,5.5,400946190,2017-03-10
248,2,"6:47",407,407,"DaQuan Bracey missed Three Point Jumper.",65,75,-10,0.060528128826544,"Louisiana Tech","Marshall",3,4,0,0,5.5,400946190,2017-03-10
249,2,"6:47",407,407,"Ryan Taylor Defensive Rebound.",65,75,-10,0.060528128826544,"Louisiana Tech","Marshall",3,4,0,0,5.5,400946190,2017-03-10
250,2,"6:18",378,378,"Jon Elmore missed Three Point Jumper.",65,75,-10,0.0732602706711279,"Louisiana Tech","Marshall",3,4,0,0,5.5,400946190,2017-03-10
251,2,"6:18",378,378,"Jalen Harris Defensive Rebound.",65,75,-10,0.0732602706711279,"Louisiana Tech","Marshall",3,4,0,0,5.5,400946190,2017-03-10
252,2,"6:08",368,368,"Jalen Harris missed Layup.",65,75,-10,0.0648106010089429,"Louisiana Tech","Marshall",3,4,0,0,5.5,400946190,2017-03-10
253,2,"6:08",368,368,"Omar Sherman Offensive Rebound.",65,75,-10,0.0648106010089429,"Louisiana Tech","Marshall",3,4,0,0,5.5,400946190,2017-03-10
254,2,"6:07",367,367,"Omar Sherman made Layup.",67,75,-8,0.116746058376648,"Louisiana Tech","Marshall",3,4,0,0,5.5,400946190,2017-03-10
255,2,"6:07",367,367,"Foul on Stevie Browning.",67,75,-8,0.116746058376648,"Louisiana Tech","Marshall",3,4,0,0,5.5,400946190,2017-03-10
256,2,"6:07",367,367,"Omar Sherman missed Free Throw.",67,75,-8,0.116746058376648,"Louisiana Tech","Marshall",3,4,0,0,5.5,400946190,2017-03-10
257,2,"6:07",367,367,"Ryan Taylor Defensive Rebound.",67,75,-8,0.116746058376648,"Louisiana Tech","Marshall",3,4,0,0,5.5,400946190,2017-03-10
258,2,"5:33",333,333,"Jon Elmore missed Three Point Jumper.",67,75,-8,0.0975669678880207,"Louisiana Tech","Marshall",3,4,0,0,5.5,400946190,2017-03-10
259,2,"5:33",333,333,"Marshall Offensive Rebound.",67,75,-8,0.0975669678880207,"Louisiana Tech","Marshall",3,4,0,0,5.5,400946190,2017-03-10
260,2,"5:30",330,330,"Marshall  Turnover.",67,75,-8,0.0975669678880207,"Louisiana Tech","Marshall",3,4,0,0,5.5,400946190,2017-03-10
261,2,"5:28",328,328,"Erik McCree made Jumper.",69,75,-6,0.213370681743383,"Louisiana Tech","Marshall",3,4,0,0,5.5,400946190,2017-03-10
262,2,"5:14",314,314,"Ryan Taylor made Layup. Assisted by C.J. Burks.",69,77,-8,0.083797063343281,"Louisiana Tech","Marshall",3,4,0,0,5.5,400946190,2017-03-10
263,2,"5:01",301,301,"Erik McCree missed Three Point Jumper.",69,77,-8,0.101014131764863,"Louisiana Tech","Marshall",3,4,0,0,5.5,400946190,2017-03-10
264,2,"5:01",301,301,"DaQuan Bracey Offensive Rebound.",69,77,-8,0.101014131764863,"Louisiana Tech","Marshall",3,4,0,0,5.5,400946190,2017-03-10
265,2,"4:55",295,295,"DaQuan Bracey missed Two Point Tip Shot.",69,77,-8,0.104573702120892,"Louisiana Tech","Marshall",3,4,0,0,5.5,400946190,2017-03-10
266,2,"4:55",295,295,"Austin Loop Defensive Rebound.",69,77,-8,0.104573702120892,"Louisiana Tech","Marshall",3,4,0,0,5.5,400946190,2017-03-10
267,2,"4:34",274,274,"Stevie Browning missed Layup.",69,77,-8,0.0677654873031307,"Louisiana Tech","Marshall",3,4,0,0,5.5,400946190,2017-03-10
268,2,"4:34",274,274,"Jalen Harris Defensive Rebound.",69,77,-8,0.0677654873031307,"Louisiana Tech","Marshall",3,4,0,0,5.5,400946190,2017-03-10
269,2,"4:27",267,267,"Jalen Harris missed Layup.",69,77,-8,0.0803439577818948,"Louisiana Tech","Marshall",3,4,0,0,5.5,400946190,2017-03-10
270,2,"4:27",267,267,"Stevie Browning Defensive Rebound.",69,77,-8,0.0803439577818948,"Louisiana Tech","Marshall",3,4,0,0,5.5,400946190,2017-03-10
271,2,"4:10",250,250,"C.J. Burks made Three Point Jumper. Assisted by Stevie Browning.",69,80,-11,0.0161553385373904,"Louisiana Tech","Marshall",3,4,0,0,5.5,400946190,2017-03-10
272,2,"3:58",238,238,"Foul on DaQuan Bracey.",69,80,-11,0.0187373572070563,"Louisiana Tech","Marshall",3,4,0,0,5.5,400946190,2017-03-10
273,2,"3:58",238,238,"DaQuan Bracey Turnover.",69,80,-11,0.0187373572070563,"Louisiana Tech","Marshall",3,4,0,0,5.5,400946190,2017-03-10
274,2,"3:58",238,238,"Official TV Timeout",69,80,-11,0.0187373572070563,"Louisiana Tech","Marshall",3,4,0,0,5.5,400946190,2017-03-10
275,2,"3:38",218,218,"Ryan Taylor made Layup. Assisted by Stevie Browning.",69,82,-13,0.00526303673256072,"Louisiana Tech","Marshall",3,4,0,0,5.5,400946190,2017-03-10
276,2,"3:20",200,200,"Foul on Stevie Browning.",69,82,-13,0.00515476976772366,"Louisiana Tech","Marshall",3,4,0,0,5.5,400946190,2017-03-10
277,2,"3:20",200,200,"DaQuan Bracey made Free Throw.",70,82,-12,0.0080769585516499,"Louisiana Tech","Marshall",3,4,0,0,5.5,400946190,2017-03-10
278,2,"3:20",200,200,"DaQuan Bracey missed Free Throw.",70,82,-12,0.0080769585516499,"Louisiana Tech","Marshall",3,4,0,0,5.5,400946190,2017-03-10
279,2,"3:20",200,200,"Derric Jean Offensive Rebound.",70,82,-12,0.0080769585516499,"Louisiana Tech","Marshall",3,4,0,0,5.5,400946190,2017-03-10
280,2,"3:14",194,194,"DaQuan Bracey made Three Point Jumper. Assisted by Derric Jean.",73,82,-9,0.0209435241157253,"Louisiana Tech","Marshall",3,4,0,0,5.5,400946190,2017-03-10
281,2,"2:48",168,168,"C.J. Burks made Layup.",73,84,-11,0.00669524169880725,"Louisiana Tech","Marshall",3,4,0,0,5.5,400946190,2017-03-10
282,2,"2:48",168,168,"Foul on Derric Jean.",73,84,-11,0.00669524169880725,"Louisiana Tech","Marshall",3,4,0,0,5.5,400946190,2017-03-10
283,2,"2:48",168,168,"C.J. Burks made Free Throw.",73,85,-12,0.00401599400396686,"Louisiana Tech","Marshall",3,4,0,0,5.5,400946190,2017-03-10
284,2,"2:42",162,162,"Foul on Derric Jean.",73,85,-12,0.00401599400396686,"Louisiana Tech","Marshall",3,4,0,0,5.5,400946190,2017-03-10
285,2,"2:42",162,162,"Derric Jean Turnover.",73,85,-12,0.00401599400396686,"Louisiana Tech","Marshall",3,4,0,0,5.5,400946190,2017-03-10
286,2,"2:24",144,144,"Foul on Jalen Harris.",73,85,-12,0.00309226775980872,"Louisiana Tech","Marshall",3,4,0,0,5.5,400946190,2017-03-10
287,2,"2:24",144,144,"Stevie Browning missed Free Throw.",73,85,-12,0.00309226775980872,"Louisiana Tech","Marshall",3,4,0,0,5.5,400946190,2017-03-10
288,2,"2:24",144,144,"Jacobi Boykins Defensive Rebound.",73,85,-12,0.00309226775980872,"Louisiana Tech","Marshall",3,4,0,0,5.5,400946190,2017-03-10
289,2,"2:18",138,138,"Jacobi Boykins missed Three Point Jumper.",73,85,-12,0.00238153725289979,"Louisiana Tech","Marshall",3,4,0,0,5.5,400946190,2017-03-10
290,2,"2:18",138,138,"Stevie Browning Defensive Rebound.",73,85,-12,0.00238153725289979,"Louisiana Tech","Marshall",3,4,0,0,5.5,400946190,2017-03-10
291,2,"2:10",130,130,"Marshall  Timeout",73,85,-12,0.00238153725289979,"Louisiana Tech","Marshall",3,3,0,1,5.5,400946190,2017-03-10
292,2,"2:10",130,130,"Marshall  Timeout",73,85,-12,0.00238153725289979,"Louisiana Tech","Marshall",3,3,0,1,5.5,400946190,2017-03-10
293,2,"2:07",127,127,"Foul on Jy'lan Washington.",73,85,-12,0.00157265472800191,"Louisiana Tech","Marshall",3,3,0,1,5.5,400946190,2017-03-10
294,2,"2:07",127,127,"Ryan Taylor made Free Throw.",73,86,-13,0.000893093193233274,"Louisiana Tech","Marshall",3,3,0,1,5.5,400946190,2017-03-10
295,2,"2:07",127,127,"Ryan Taylor made Free Throw.",73,87,-14,0.000507028606477128,"Louisiana Tech","Marshall",3,3,0,1,5.5,400946190,2017-03-10
296,2,"1:59",119,119,"DaQuan Bracey made Layup.",75,87,-12,0.00120061285197055,"Louisiana Tech","Marshall",3,3,0,1,5.5,400946190,2017-03-10
297,2,"1:54",114,114,"Jon Elmore Turnover.",75,87,-12,0.00120061285197055,"Louisiana Tech","Marshall",3,3,0,1,5.5,400946190,2017-03-10
298,2,"1:54",114,114,"Jalen Harris Steal.",75,87,-12,0.00120061285197055,"Louisiana Tech","Marshall",3,3,0,1,5.5,400946190,2017-03-10
299,2,"1:51",111,111,"Erik McCree missed Jumper.",75,87,-12,0.00120061285197055,"Louisiana Tech","Marshall",3,3,0,1,5.5,400946190,2017-03-10
300,2,"1:51",111,111,"Omar Sherman Offensive Rebound.",75,87,-12,0.00120061285197055,"Louisiana Tech","Marshall",3,3,0,1,5.5,400946190,2017-03-10
301,2,"1:46",106,106,"DaQuan Bracey missed Three Point Jumper.",75,87,-12,0.000791818617402042,"Louisiana Tech","Marshall",3,3,0,1,5.5,400946190,2017-03-10
302,2,"1:46",106,106,"Ryan Taylor Defensive Rebound.",75,87,-12,0.000791818617402042,"Louisiana Tech","Marshall",3,3,0,1,5.5,400946190,2017-03-10
303,2,"1:39",99,99,"Foul on Jalen Harris.",75,87,-12,0.000725112735564283,"Louisiana Tech","Marshall",3,3,0,1,5.5,400946190,2017-03-10
304,2,"1:39",99,99,"Stevie Browning made Free Throw.",75,88,-13,0.000386764544957703,"Louisiana Tech","Marshall",3,3,0,1,5.5,400946190,2017-03-10
305,2,"1:39",99,99,"Stevie Browning made Free Throw.",75,89,-14,0.000206261972793082,"Louisiana Tech","Marshall",3,3,0,1,5.5,400946190,2017-03-10
306,2,"1:33",93,93,"Erik McCree missed Three Point Jumper.",75,89,-14,0.000206261972793082,"Louisiana Tech","Marshall",3,3,0,1,5.5,400946190,2017-03-10
307,2,"1:33",93,93,"Jacobi Boykins Offensive Rebound.",75,89,-14,0.000206261972793082,"Louisiana Tech","Marshall",3,3,0,1,5.5,400946190,2017-03-10
308,2,"1:27",87,87,"Jacobi Boykins missed Three Point Jumper.",75,89,-14,7.43184949225757e-05,"Louisiana Tech","Marshall",3,3,0,1,5.5,400946190,2017-03-10
309,2,"1:27",87,87,"Jalen Harris Offensive Rebound.",75,89,-14,7.43184949225757e-05,"Louisiana Tech","Marshall",3,3,0,1,5.5,400946190,2017-03-10
310,2,"1:22",82,82,"Jalen Harris missed Three Point Jumper.",75,89,-14,7.43184949225757e-05,"Louisiana Tech","Marshall",3,3,0,1,5.5,400946190,2017-03-10
311,2,"1:22",82,82,"C.J. Burks Defensive Rebound.",75,89,-14,7.43184949225757e-05,"Louisiana Tech","Marshall",3,3,0,1,5.5,400946190,2017-03-10
312,2,"1:05",65,65,"Stevie Browning made Layup. Assisted by C.J. Burks.",75,91,-16,7.7601904479209e-06,"Louisiana Tech","Marshall",3,3,0,0,5.5,400946190,2017-03-10
313,2,"0:59",59,59,"DaQuan Bracey missed Layup.",75,91,-16,2.01902163112408e-06,"Louisiana Tech","Marshall",3,3,0,0,5.5,400946190,2017-03-10
314,2,"0:59",59,59,"Ryan Taylor Defensive Rebound.",75,91,-16,2.01902163112408e-06,"Louisiana Tech","Marshall",3,3,0,0,5.5,400946190,2017-03-10
315,2,"0:52",52,52,"Ryan Taylor made Dunk. Assisted by Austin Loop.",75,93,-18,8.57520301148847e-07,"Louisiana Tech","Marshall",3,3,0,0,5.5,400946190,2017-03-10
316,2,"0:43",43,43,"Jalen Harris missed Three Point Jumper.",75,93,-18,8.14993412194039e-08,"Louisiana Tech","Marshall",3,3,0,0,5.5,400946190,2017-03-10
317,2,"0:43",43,43,"Jacobi Boykins Offensive Rebound.",75,93,-18,8.14993412194039e-08,"Louisiana Tech","Marshall",3,3,0,0,5.5,400946190,2017-03-10
318,2,"0:37",37,37,"Jacobi Boykins made Layup.",77,93,-16,3.35173710607027e-07,"Louisiana Tech","Marshall",3,3,0,0,5.5,400946190,2017-03-10
319,2,"0:15",15,15,"Austin Loop missed Three Point Jumper.",77,93,-16,5.94131502660096e-11,"Louisiana Tech","Marshall",3,3,0,0,5.5,400946190,2017-03-10
320,2,"0:15",15,15,"DaQuan Bracey Defensive Rebound.",77,93,-16,5.94131502660096e-11,"Louisiana Tech","Marshall",3,3,0,0,5.5,400946190,2017-03-10
321,2,"0:08",8,8,"DaQuan Bracey missed Three Point Jumper.",77,93,-16,9.99208313642548e-12,"Louisiana Tech","Marshall",3,3,0,0,5.5,400946190,2017-03-10
322,2,"0:08",8,8,"Ryan Taylor Defensive Rebound.",77,93,-16,9.99208313642548e-12,"Louisiana Tech","Marshall",3,3,0,0,5.5,400946190,2017-03-10
323,2,"0:00",0,0,"End of Game",77,93,-16,3.31923624905105e-135,"Louisiana Tech","Marshall",3,3,0,0,5.5,400946190,2017-03-10
