"play_id","half","time_remaining_half","secs_remaining","secs_remaining_absolute","description","home_score","away_score","score_diff","win_prob","home","away","home_time_out_remaining","away_time_out_remaining","home_timeout_ind","away_timeout_ind","home_favored_by","game_id","date"
1,1,"20:00",2400,2400,"PLAY",0,0,0,0.398165870133373,"UCF","Houston",4,4,0,0,-2,400916581,2017-01-14
2,1,"19:44",2384,2384,"Matt Williams made Three Point Jumper. Assisted by B.J. Taylor.",3,0,3,0.425837516575384,"UCF","Houston",4,4,0,0,-2,400916581,2017-01-14
3,1,"19:13",2353,2353,"Rob Gray Jr. missed Layup.",3,0,3,0.488858015733318,"UCF","Houston",4,4,0,0,-2,400916581,2017-01-14
4,1,"19:13",2353,2353,"UCF Defensive Rebound.",3,0,3,0.488858015733318,"UCF","Houston",4,4,0,0,-2,400916581,2017-01-14
5,1,"19:01",2341,2341,"Matt Williams made Three Point Jumper. Assisted by Tanksley Efianayi.",6,0,6,0.541927690046994,"UCF","Houston",4,4,0,0,-2,400916581,2017-01-14
6,1,"18:43",2323,2323,"Wes VanBeck Turnover.",6,0,6,0.588932544284958,"UCF","Houston",4,4,0,0,-2,400916581,2017-01-14
7,1,"18:21",2301,2301,"Matt Williams made Jumper.",8,0,8,0.604087886735304,"UCF","Houston",4,4,0,0,-2,400916581,2017-01-14
8,1,"18:02",2282,2282,"Danrad Knowles missed Jumper.",8,0,8,0.612617975484826,"UCF","Houston",4,4,0,0,-2,400916581,2017-01-14
9,1,"18:02",2282,2282,"Matt Williams Defensive Rebound.",8,0,8,0.612617975484826,"UCF","Houston",4,4,0,0,-2,400916581,2017-01-14
10,1,"17:35",2255,2255,"Tacko Fall made Dunk. Assisted by Matt Williams.",10,0,10,0.656947337143629,"UCF","Houston",4,4,0,0,-2,400916581,2017-01-14
11,1,"17:21",2241,2241,"Danrad Knowles made Layup. Assisted by Rob Gray Jr..",10,2,8,0.618952733150755,"UCF","Houston",4,4,0,0,-2,400916581,2017-01-14
12,1,"17:01",2221,2221,"B.J. Taylor missed Three Point Jumper.",10,2,8,0.617464851915463,"UCF","Houston",4,4,0,0,-2,400916581,2017-01-14
13,1,"17:01",2221,2221,"Houston Defensive Rebound.",10,2,8,0.617464851915463,"UCF","Houston",4,4,0,0,-2,400916581,2017-01-14
14,1,"16:32",2192,2192,"Galen Robinson Jr. missed Three Point Jumper.",10,2,8,0.653153479606674,"UCF","Houston",4,4,0,0,-2,400916581,2017-01-14
15,1,"16:32",2192,2192,"B.J. Taylor Defensive Rebound.",10,2,8,0.653153479606674,"UCF","Houston",4,4,0,0,-2,400916581,2017-01-14
16,1,"16:27",2187,2187,"B.J. Taylor Turnover.",10,2,8,0.630225851210571,"UCF","Houston",4,4,0,0,-2,400916581,2017-01-14
17,1,"16:27",2187,2187,"Foul on B.J. Taylor.",10,2,8,0.630225851210571,"UCF","Houston",4,4,0,0,-2,400916581,2017-01-14
18,1,"16:16",2176,2176,"Damyean Dotson missed Jumper.",10,2,8,0.623070367119076,"UCF","Houston",4,4,0,0,-2,400916581,2017-01-14
19,1,"16:16",2176,2176,"UCF Defensive Rebound.",10,2,8,0.623070367119076,"UCF","Houston",4,4,0,0,-2,400916581,2017-01-14
20,1,"16:14",2174,2174,"Foul on Wes VanBeck.",10,2,8,0.623070367119076,"UCF","Houston",4,4,0,0,-2,400916581,2017-01-14
21,1,"15:54",2154,2154,"Matt Williams Turnover.",10,2,8,0.637176965105927,"UCF","Houston",4,4,0,0,-2,400916581,2017-01-14
22,1,"15:53",2153,2153,"Wes VanBeck Steal.",10,2,8,0.637176965105927,"UCF","Houston",4,4,0,0,-2,400916581,2017-01-14
23,1,"15:50",2150,2150,"Foul on Matt Williams.",10,2,8,0.637176965105927,"UCF","Houston",4,4,0,0,-2,400916581,2017-01-14
24,1,"15:50",2150,2150,"Official TV Timeout",10,2,8,0.637176965105927,"UCF","Houston",4,4,0,0,-2,400916581,2017-01-14
25,1,"15:50",2150,2150,"Rob Gray Jr. missed Free Throw.",10,2,8,0.637176965105927,"UCF","Houston",4,4,0,0,-2,400916581,2017-01-14
26,1,"15:50",2150,2150,"Houston Deadball Team Rebound.",10,2,8,0.637176965105927,"UCF","Houston",4,4,0,0,-2,400916581,2017-01-14
27,1,"15:50",2150,2150,"Rob Gray Jr. made Free Throw.",10,3,7,0.609129103107572,"UCF","Houston",4,4,0,0,-2,400916581,2017-01-14
28,1,"15:24",2124,2124,"Matt Williams missed Three Point Jumper.",10,3,7,0.605549004675137,"UCF","Houston",4,4,0,0,-2,400916581,2017-01-14
29,1,"15:24",2124,2124,"Galen Robinson Jr. Defensive Rebound.",10,3,7,0.605549004675137,"UCF","Houston",4,4,0,0,-2,400916581,2017-01-14
30,1,"14:55",2095,2095,"Danrad Knowles missed Three Point Jumper.",10,3,7,0.629169684658439,"UCF","Houston",4,4,0,0,-2,400916581,2017-01-14
31,1,"14:55",2095,2095,"Damyean Dotson Offensive Rebound.",10,3,7,0.629169684658439,"UCF","Houston",4,4,0,0,-2,400916581,2017-01-14
32,1,"14:45",2085,2085,"Rob Gray Jr. missed Jumper.",10,3,7,0.615783584560712,"UCF","Houston",4,4,0,0,-2,400916581,2017-01-14
33,1,"14:45",2085,2085,"Wes VanBeck Offensive Rebound.",10,3,7,0.615783584560712,"UCF","Houston",4,4,0,0,-2,400916581,2017-01-14
34,1,"14:42",2082,2082,"Rob Gray Jr. missed Three Point Jumper.",10,3,7,0.615783584560712,"UCF","Houston",4,4,0,0,-2,400916581,2017-01-14
35,1,"14:42",2082,2082,"A.J. Davis Defensive Rebound.",10,3,7,0.615783584560712,"UCF","Houston",4,4,0,0,-2,400916581,2017-01-14
36,1,"14:10",2050,2050,"A.J. Davis made Three Point Jumper. Assisted by Matt Williams.",13,3,10,0.679017837520324,"UCF","Houston",4,4,0,0,-2,400916581,2017-01-14
37,1,"13:57",2037,2037,"Armoni Brooks missed Layup.",13,3,10,0.684682469693721,"UCF","Houston",4,4,0,0,-2,400916581,2017-01-14
38,1,"13:57",2037,2037,"Damyean Dotson Offensive Rebound.",13,3,10,0.684682469693721,"UCF","Houston",4,4,0,0,-2,400916581,2017-01-14
39,1,"13:51",2031,2031,"Foul on A.J. Davis.",13,3,10,0.684682469693721,"UCF","Houston",4,4,0,0,-2,400916581,2017-01-14
40,1,"13:51",2031,2031,"Danrad Knowles made Free Throw.",13,4,9,0.660218935060663,"UCF","Houston",4,4,0,0,-2,400916581,2017-01-14
41,1,"13:51",2031,2031,"Danrad Knowles made Free Throw.",13,5,8,0.634869586092411,"UCF","Houston",4,4,0,0,-2,400916581,2017-01-14
42,1,"13:37",2017,2017,"Foul on Bertrand Nkali.",13,5,8,0.647189896139195,"UCF","Houston",4,4,0,0,-2,400916581,2017-01-14
43,1,"13:37",2017,2017,"A.J. Davis made Free Throw.",14,5,9,0.673116718447532,"UCF","Houston",4,4,0,0,-2,400916581,2017-01-14
44,1,"13:37",2017,2017,"A.J. Davis missed Free Throw.",14,5,9,0.673116718447532,"UCF","Houston",4,4,0,0,-2,400916581,2017-01-14
45,1,"13:37",2017,2017,"Damyean Dotson Defensive Rebound.",14,5,9,0.673116718447532,"UCF","Houston",4,4,0,0,-2,400916581,2017-01-14
46,1,"13:15",1995,1995,"Rob Gray Jr. Turnover.",14,5,9,0.69336783724972,"UCF","Houston",4,4,0,0,-2,400916581,2017-01-14
47,1,"13:04",1984,1984,"Nick Banyard missed Jumper.",14,5,9,0.680853407620223,"UCF","Houston",4,4,0,0,-2,400916581,2017-01-14
48,1,"13:04",1984,1984,"Chad Brown Offensive Rebound.",14,5,9,0.680853407620223,"UCF","Houston",4,4,0,0,-2,400916581,2017-01-14
49,1,"13:01",1981,1981,"Chad Brown made Layup.",16,5,11,0.732452161681217,"UCF","Houston",4,4,0,0,-2,400916581,2017-01-14
50,1,"12:58",1978,1978,"Houston  Timeout",16,5,11,0.739424540508933,"UCF","Houston",3,4,1,0,-2,400916581,2017-01-14
51,1,"12:54",1974,1974,"Armoni Brooks missed Three Point Jumper.",16,5,11,0.739424540508933,"UCF","Houston",3,4,1,0,-2,400916581,2017-01-14
52,1,"12:54",1974,1974,"A.J. Davis Defensive Rebound.",16,5,11,0.739424540508933,"UCF","Houston",3,4,1,0,-2,400916581,2017-01-14
53,1,"12:21",1941,1941,"Chad Brown Turnover.",16,5,11,0.739393202215283,"UCF","Houston",3,4,1,0,-2,400916581,2017-01-14
54,1,"11:57",1917,1917,"Galen Robinson Jr. made Three Point Jumper. Assisted by Rob Gray Jr..",16,8,8,0.684458601765323,"UCF","Houston",3,4,0,0,-2,400916581,2017-01-14
55,1,"11:43",1903,1903,"Foul on Danrad Knowles.",16,8,8,0.639636528762616,"UCF","Houston",3,4,0,0,-2,400916581,2017-01-14
56,1,"11:43",1903,1903,"Official TV Timeout",16,8,8,0.639636528762616,"UCF","Houston",3,4,0,0,-2,400916581,2017-01-14
57,1,"11:32",1892,1892,"Tanksley Efianayi made Three Point Jumper. Assisted by Nick Banyard.",19,8,11,0.767320499472342,"UCF","Houston",3,4,0,0,-2,400916581,2017-01-14
58,1,"11:25",1885,1885,"Damyean Dotson missed Three Point Jumper.",19,8,11,0.726034384823212,"UCF","Houston",3,4,0,0,-2,400916581,2017-01-14
59,1,"11:25",1885,1885,"Wes VanBeck Offensive Rebound.",19,8,11,0.726034384823212,"UCF","Houston",3,4,0,0,-2,400916581,2017-01-14
60,1,"11:09",1869,1869,"Danrad Knowles Turnover.",19,8,11,0.775439955644347,"UCF","Houston",3,4,0,0,-2,400916581,2017-01-14
61,1,"11:08",1868,1868,"Matt Williams Steal.",19,8,11,0.775439955644347,"UCF","Houston",3,4,0,0,-2,400916581,2017-01-14
62,1,"11:05",1865,1865,"B.J. Taylor Turnover.",19,8,11,0.775439955644347,"UCF","Houston",3,4,0,0,-2,400916581,2017-01-14
63,1,"10:54",1854,1854,"Damyean Dotson made Three Point Jumper. Assisted by Rob Gray Jr..",19,11,8,0.674959532402881,"UCF","Houston",3,4,0,0,-2,400916581,2017-01-14
64,1,"10:27",1827,1827,"Nick Banyard Turnover.",19,11,8,0.66875526067655,"UCF","Houston",3,4,0,0,-2,400916581,2017-01-14
65,1,"10:19",1819,1819,"Damyean Dotson missed Three Point Jumper.",19,11,8,0.692442975978116,"UCF","Houston",3,4,0,0,-2,400916581,2017-01-14
66,1,"10:19",1819,1819,"A.J. Davis Defensive Rebound.",19,11,8,0.692442975978116,"UCF","Houston",3,4,0,0,-2,400916581,2017-01-14
67,1,"10:06",1806,1806,"Matt Williams Turnover.",19,11,8,0.662076268554594,"UCF","Houston",3,4,0,0,-2,400916581,2017-01-14
68,1,"10:06",1806,1806,"Galen Robinson Jr. Steal.",19,11,8,0.662076268554594,"UCF","Houston",3,4,0,0,-2,400916581,2017-01-14
69,1,"10:06",1806,1806,"Foul on Matt Williams.",19,11,8,0.662076268554594,"UCF","Houston",3,4,0,0,-2,400916581,2017-01-14
70,1,"9:47",1787,1787,"Damyean Dotson missed Three Point Jumper.",19,11,8,0.674263726466629,"UCF","Houston",3,4,0,0,-2,400916581,2017-01-14
71,1,"9:47",1787,1787,"Tacko Fall Defensive Rebound.",19,11,8,0.674263726466629,"UCF","Houston",3,4,0,0,-2,400916581,2017-01-14
72,1,"9:34",1774,1774,"B.J. Taylor Turnover.",19,11,8,0.643278244709637,"UCF","Houston",3,4,0,0,-2,400916581,2017-01-14
73,1,"9:34",1774,1774,"Galen Robinson Jr. Steal.",19,11,8,0.643278244709637,"UCF","Houston",3,4,0,0,-2,400916581,2017-01-14
74,1,"9:30",1770,1770,"Rob Gray Jr. made Dunk. Assisted by Damyean Dotson.",19,13,6,0.585357288054833,"UCF","Houston",3,4,0,0,-2,400916581,2017-01-14
75,1,"9:26",1766,1766,"UCF  Timeout",19,13,6,0.607993936718294,"UCF","Houston",3,3,0,1,-2,400916581,2017-01-14
76,1,"9:07",1747,1747,"A.J. Davis Turnover.",19,13,6,0.626610680850823,"UCF","Houston",3,3,0,1,-2,400916581,2017-01-14
77,1,"9:06",1746,1746,"Rob Gray Jr. Steal.",19,13,6,0.626610680850823,"UCF","Houston",3,3,0,1,-2,400916581,2017-01-14
78,1,"8:45",1725,1725,"Rob Gray Jr. made Layup.",19,15,4,0.580379036566033,"UCF","Houston",3,3,0,1,-2,400916581,2017-01-14
79,1,"8:30",1710,1710,"Foul on Rob Gray Jr..",19,15,4,0.549508418097437,"UCF","Houston",3,3,0,1,-2,400916581,2017-01-14
80,1,"8:26",1706,1706,"B.J. Taylor made Layup.",21,15,6,0.598374581393781,"UCF","Houston",3,3,0,1,-2,400916581,2017-01-14
81,1,"8:05",1685,1685,"Rob Gray Jr. missed Jumper.",21,15,6,0.629076171321746,"UCF","Houston",3,3,0,0,-2,400916581,2017-01-14
82,1,"8:05",1685,1685,"Tacko Fall Defensive Rebound.",21,15,6,0.629076171321746,"UCF","Houston",3,3,0,0,-2,400916581,2017-01-14
83,1,"7:51",1671,1671,"Nick Banyard missed Three Point Jumper.",21,15,6,0.627325012590036,"UCF","Houston",3,3,0,0,-2,400916581,2017-01-14
84,1,"7:51",1671,1671,"Damyean Dotson Defensive Rebound.",21,15,6,0.627325012590036,"UCF","Houston",3,3,0,0,-2,400916581,2017-01-14
85,1,"7:34",1654,1654,"Rob Gray Jr. made Layup.",21,17,4,0.564566273641052,"UCF","Houston",3,3,0,0,-2,400916581,2017-01-14
86,1,"7:16",1636,1636,"Tanksley Efianayi missed Three Point Jumper.",21,17,4,0.568038891813429,"UCF","Houston",3,3,0,0,-2,400916581,2017-01-14
87,1,"7:16",1636,1636,"A.J. Davis Offensive Rebound.",21,17,4,0.568038891813429,"UCF","Houston",3,3,0,0,-2,400916581,2017-01-14
88,1,"7:10",1630,1630,"Nick Banyard missed Three Point Jumper.",21,17,4,0.568038891813429,"UCF","Houston",3,3,0,0,-2,400916581,2017-01-14
89,1,"7:09",1629,1629,"Wes VanBeck Defensive Rebound.",21,17,4,0.555421179498248,"UCF","Houston",3,3,0,0,-2,400916581,2017-01-14
90,1,"7:09",1629,1629,"Foul on Tanksley Efianayi.",21,17,4,0.555421179498248,"UCF","Houston",3,3,0,0,-2,400916581,2017-01-14
91,1,"7:08",1628,1628,"Official TV Timeout",21,17,4,0.555421179498248,"UCF","Houston",3,3,0,0,-2,400916581,2017-01-14
92,1,"6:56",1616,1616,"Wes VanBeck made Jumper. Assisted by Danrad Knowles.",21,19,2,0.480045778114159,"UCF","Houston",3,3,0,0,-2,400916581,2017-01-14
93,1,"6:35",1595,1595,"Foul on Armoni Brooks.",21,19,2,0.512643659072897,"UCF","Houston",3,3,0,0,-2,400916581,2017-01-14
94,1,"6:18",1578,1578,"Tanksley Efianayi made Three Point Jumper. Assisted by B.J. Taylor.",24,19,5,0.618960666292431,"UCF","Houston",3,3,0,0,-2,400916581,2017-01-14
95,1,"6:04",1564,1564,"Danrad Knowles missed Jumper.",24,19,5,0.586270197604009,"UCF","Houston",3,3,0,0,-2,400916581,2017-01-14
96,1,"6:04",1564,1564,"Nick Banyard Defensive Rebound.",24,19,5,0.586270197604009,"UCF","Houston",3,3,0,0,-2,400916581,2017-01-14
97,1,"5:52",1552,1552,"Foul on Damyean Dotson.",24,19,5,0.596032296973936,"UCF","Houston",3,3,0,0,-2,400916581,2017-01-14
98,1,"5:42",1542,1542,"Foul on Damyean Dotson.",24,19,5,0.596392331697526,"UCF","Houston",3,3,0,0,-2,400916581,2017-01-14
99,1,"5:42",1542,1542,"Tacko Fall made Free Throw.",25,19,6,0.629340834864874,"UCF","Houston",3,3,0,0,-2,400916581,2017-01-14
100,1,"5:42",1542,1542,"Tacko Fall missed Free Throw.",25,19,6,0.629340834864874,"UCF","Houston",3,3,0,0,-2,400916581,2017-01-14
101,1,"5:42",1542,1542,"Houston Deadball Team Rebound.",25,19,6,0.629340834864874,"UCF","Houston",3,3,0,0,-2,400916581,2017-01-14
102,1,"5:22",1522,1522,"Rob Gray Jr. missed Jumper.",25,19,6,0.637031995413007,"UCF","Houston",3,3,0,0,-2,400916581,2017-01-14
103,1,"5:22",1522,1522,"Tanksley Efianayi Defensive Rebound.",25,19,6,0.637031995413007,"UCF","Houston",3,3,0,0,-2,400916581,2017-01-14
104,1,"5:15",1515,1515,"Foul on Rob Gray Jr..",25,19,6,0.666499499065184,"UCF","Houston",3,3,0,0,-2,400916581,2017-01-14
105,1,"5:15",1515,1515,"B.J. Taylor made Free Throw.",26,19,7,0.699488354469084,"UCF","Houston",3,3,0,0,-2,400916581,2017-01-14
106,1,"5:15",1515,1515,"B.J. Taylor missed Free Throw.",26,19,7,0.699488354469084,"UCF","Houston",3,3,0,0,-2,400916581,2017-01-14
107,1,"5:15",1515,1515,"Bertrand Nkali Defensive Rebound.",26,19,7,0.699488354469084,"UCF","Houston",3,3,0,0,-2,400916581,2017-01-14
108,1,"4:52",1492,1492,"Armoni Brooks Turnover.",26,19,7,0.683335837933382,"UCF","Houston",3,3,0,0,-2,400916581,2017-01-14
109,1,"4:52",1492,1492,"Foul on Armoni Brooks.",26,19,7,0.683335837933382,"UCF","Houston",3,3,0,0,-2,400916581,2017-01-14
110,1,"4:34",1474,1474,"Chad Brown missed Layup.",26,19,7,0.671677320254891,"UCF","Houston",3,3,0,0,-2,400916581,2017-01-14
111,1,"4:34",1474,1474,"Bertrand Nkali Block.",26,19,7,0.671677320254891,"UCF","Houston",3,3,0,0,-2,400916581,2017-01-14
112,1,"4:30",1470,1470,"A.J. Davis Offensive Rebound.",26,19,7,0.671677320254891,"UCF","Houston",3,3,0,0,-2,400916581,2017-01-14
113,1,"4:29",1469,1469,"Chad Brown Turnover.",26,19,7,0.686080257648632,"UCF","Houston",3,3,0,0,-2,400916581,2017-01-14
114,1,"4:11",1451,1451,"Wes VanBeck missed Layup.",26,19,7,0.662963662376829,"UCF","Houston",3,3,0,0,-2,400916581,2017-01-14
115,1,"4:11",1451,1451,"Chad Brown Defensive Rebound.",26,19,7,0.662963662376829,"UCF","Houston",3,3,0,0,-2,400916581,2017-01-14
116,1,"4:06",1446,1446,"Foul on Danrad Knowles.",26,19,7,0.705764093352284,"UCF","Houston",3,3,0,0,-2,400916581,2017-01-14
117,1,"4:06",1446,1446,"Tanksley Efianayi made Free Throw.",27,19,8,0.736347317882659,"UCF","Houston",3,3,0,0,-2,400916581,2017-01-14
118,1,"4:06",1446,1446,"Tanksley Efianayi made Free Throw.",28,19,9,0.764811009024526,"UCF","Houston",3,3,0,0,-2,400916581,2017-01-14
119,1,"3:57",1437,1437,"Armoni Brooks missed Three Point Jumper.",28,19,9,0.754872014278438,"UCF","Houston",3,3,0,0,-2,400916581,2017-01-14
120,1,"3:57",1437,1437,"A.J. Davis Defensive Rebound.",28,19,9,0.754872014278438,"UCF","Houston",3,3,0,0,-2,400916581,2017-01-14
121,1,"3:50",1430,1430,"A.J. Davis Turnover.",28,19,9,0.754872014278438,"UCF","Houston",3,3,0,0,-2,400916581,2017-01-14
122,1,"3:49",1429,1429,"Rob Gray Jr. Steal.",28,19,9,0.730011562467798,"UCF","Houston",3,3,0,0,-2,400916581,2017-01-14
123,1,"3:43",1423,1423,"Galen Robinson Jr. missed Jumper.",28,19,9,0.730011562467798,"UCF","Houston",3,3,0,0,-2,400916581,2017-01-14
124,1,"3:43",1423,1423,"A.J. Davis Defensive Rebound.",28,19,9,0.730011562467798,"UCF","Houston",3,3,0,0,-2,400916581,2017-01-14
125,1,"3:24",1404,1404,"Nick Banyard missed Layup.",28,19,9,0.761035502373382,"UCF","Houston",3,3,0,0,-2,400916581,2017-01-14
126,1,"3:24",1404,1404,"Tanksley Efianayi Offensive Rebound.",28,19,9,0.761035502373382,"UCF","Houston",3,3,0,0,-2,400916581,2017-01-14
127,1,"3:22",1402,1402,"Tanksley Efianayi made Two Point Tip Shot.",30,19,11,0.812807830961701,"UCF","Houston",3,3,0,0,-2,400916581,2017-01-14
128,1,"3:16",1396,1396,"Houston  Timeout",30,19,11,0.790123235459431,"UCF","Houston",2,3,1,0,-2,400916581,2017-01-14
129,1,"3:05",1385,1385,"Galen Robinson Jr. made Layup.",30,21,9,0.750800813454236,"UCF","Houston",2,3,1,0,-2,400916581,2017-01-14
130,1,"2:36",1356,1356,"Tanksley Efianayi missed Three Point Jumper.",30,21,9,0.763102495678257,"UCF","Houston",2,3,1,0,-2,400916581,2017-01-14
131,1,"2:36",1356,1356,"Chad Brown Offensive Rebound.",30,21,9,0.763102495678257,"UCF","Houston",2,3,1,0,-2,400916581,2017-01-14
132,1,"2:27",1347,1347,"Chad Brown missed Dunk.",30,21,9,0.757323594008637,"UCF","Houston",2,3,1,0,-2,400916581,2017-01-14
133,1,"2:27",1347,1347,"Galen Robinson Jr. Defensive Rebound.",30,21,9,0.757323594008637,"UCF","Houston",2,3,1,0,-2,400916581,2017-01-14
134,1,"2:18",1338,1338,"Rob Gray Jr. made Jumper.",30,23,7,0.681637117210375,"UCF","Houston",2,3,1,0,-2,400916581,2017-01-14
135,1,"1:56",1316,1316,"B.J. Taylor made Layup.",32,23,9,0.773434069402367,"UCF","Houston",2,3,0,0,-2,400916581,2017-01-14
136,1,"1:34",1294,1294,"Damyean Dotson made Jumper.",32,25,7,0.737432380151503,"UCF","Houston",2,3,0,0,-2,400916581,2017-01-14
137,1,"1:19",1279,1279,"Tanksley Efianayi Turnover.",32,25,7,0.66788804711837,"UCF","Houston",2,3,0,0,-2,400916581,2017-01-14
138,1,"1:18",1278,1278,"Galen Robinson Jr. Steal.",32,25,7,0.66788804711837,"UCF","Houston",2,3,0,0,-2,400916581,2017-01-14
139,1,"1:13",1273,1273,"Damyean Dotson made Layup. Assisted by Galen Robinson Jr..",32,27,5,0.598440328741869,"UCF","Houston",2,3,0,0,-2,400916581,2017-01-14
140,1,"0:55",1255,1255,"Foul on Kyle Meyer.",32,27,5,0.624294845749627,"UCF","Houston",2,3,0,0,-2,400916581,2017-01-14
141,1,"0:55",1255,1255,"B.J. Taylor made Free Throw.",33,27,6,0.659111615936765,"UCF","Houston",2,3,0,0,-2,400916581,2017-01-14
142,1,"0:55",1255,1255,"B.J. Taylor made Free Throw.",34,27,7,0.692292198147277,"UCF","Houston",2,3,0,0,-2,400916581,2017-01-14
143,1,"0:27",1227,1227,"Rob Gray Jr. made Layup.",34,29,5,0.646660412941326,"UCF","Houston",2,3,0,0,-2,400916581,2017-01-14
144,1,"0:06",1206,1206,"B.J. Taylor Turnover.",34,29,5,0.627438249702217,"UCF","Houston",2,3,0,0,-2,400916581,2017-01-14
145,1,"0:02",1202,1202,"Wes VanBeck missed Three Point Jumper.",34,29,5,0.627438249702217,"UCF","Houston",2,3,0,0,-2,400916581,2017-01-14
146,1,"0:01",1201,1201,"Tacko Fall Block.",34,29,5,0.627438249702217,"UCF","Houston",2,3,0,0,-2,400916581,2017-01-14
147,1,"0:00",1200,1200,"UCF Deadball Team Rebound.",34,29,5,0.627438249702217,"UCF","Houston",2,3,0,0,-2,400916581,2017-01-14
148,1,"0:00",1200,1200,"End of 1st half",34,29,5,0.627438249702217,"UCF","Houston",2,3,0,0,-2,400916581,2017-01-14
149,2,"20:00",1200,1200,"PLAY",34,29,5,0.627438249702217,"UCF","Houston",3,4,0,0,-2,400916581,2017-01-14
150,2,"19:49",1189,1189,"Rob Gray Jr. made Jumper. Assisted by Danrad Knowles.",34,31,3,0.553835678865449,"UCF","Houston",3,4,0,0,-2,400916581,2017-01-14
151,2,"19:28",1168,1168,"Tanksley Efianayi made Jumper.",36,31,5,0.611543220434586,"UCF","Houston",3,4,0,0,-2,400916581,2017-01-14
152,2,"19:06",1146,1146,"Wes VanBeck missed Jumper.",36,31,5,0.65410275138102,"UCF","Houston",3,4,0,0,-2,400916581,2017-01-14
153,2,"19:06",1146,1146,"A.J. Davis Defensive Rebound.",36,31,5,0.65410275138102,"UCF","Houston",3,4,0,0,-2,400916581,2017-01-14
154,2,"18:58",1138,1138,"Matt Williams missed Three Point Jumper.",36,31,5,0.637559836547574,"UCF","Houston",3,4,0,0,-2,400916581,2017-01-14
155,2,"18:58",1138,1138,"Tacko Fall Offensive Rebound.",36,31,5,0.637559836547574,"UCF","Houston",3,4,0,0,-2,400916581,2017-01-14
156,2,"18:52",1132,1132,"Tacko Fall Turnover.",36,31,5,0.637559836547574,"UCF","Houston",3,4,0,0,-2,400916581,2017-01-14
157,2,"18:51",1131,1131,"Rob Gray Jr. Steal.",36,31,5,0.637559836547574,"UCF","Houston",3,4,0,0,-2,400916581,2017-01-14
158,2,"18:36",1116,1116,"Danrad Knowles missed Jumper.",36,31,5,0.659737767955276,"UCF","Houston",3,4,0,0,-2,400916581,2017-01-14
159,2,"18:36",1116,1116,"Matt Williams Defensive Rebound.",36,31,5,0.659737767955276,"UCF","Houston",3,4,0,0,-2,400916581,2017-01-14
160,2,"18:25",1105,1105,"A.J. Davis made Layup.",38,31,7,0.704840212317414,"UCF","Houston",3,4,0,0,-2,400916581,2017-01-14
161,2,"18:08",1088,1088,"Foul on B.J. Taylor.",38,31,7,0.719350905305971,"UCF","Houston",3,4,0,0,-2,400916581,2017-01-14
162,2,"17:51",1071,1071,"Galen Robinson Jr. made Three Point Jumper. Assisted by Rob Gray Jr..",38,34,4,0.621687185286359,"UCF","Houston",3,4,0,0,-2,400916581,2017-01-14
163,2,"17:19",1039,1039,"Tacko Fall Turnover.",38,34,4,0.599715267846892,"UCF","Houston",3,4,0,0,-2,400916581,2017-01-14
164,2,"17:19",1039,1039,"Foul on Tacko Fall.",38,34,4,0.599715267846892,"UCF","Houston",3,4,0,0,-2,400916581,2017-01-14
165,2,"17:02",1022,1022,"Danrad Knowles made Dunk. Assisted by Wes VanBeck.",38,36,2,0.538325722579691,"UCF","Houston",3,4,0,0,-2,400916581,2017-01-14
166,2,"16:40",1000,1000,"A.J. Davis made Layup. Assisted by Matt Williams.",40,36,4,0.611186136134485,"UCF","Houston",3,4,0,0,-2,400916581,2017-01-14
167,2,"16:33",993,993,"Damyean Dotson made Three Point Jumper. Assisted by Galen Robinson Jr..",40,39,1,0.469295276363341,"UCF","Houston",3,4,0,0,-2,400916581,2017-01-14
168,2,"16:13",973,973,"Tanksley Efianayi Turnover.",40,39,1,0.493939845227661,"UCF","Houston",3,4,0,0,-2,400916581,2017-01-14
169,2,"15:56",956,956,"Danrad Knowles missed Jumper.",40,39,1,0.466883987586457,"UCF","Houston",3,4,0,0,-2,400916581,2017-01-14
170,2,"15:56",956,956,"Tacko Fall Defensive Rebound.",40,39,1,0.466883987586457,"UCF","Houston",3,4,0,0,-2,400916581,2017-01-14
171,2,"15:45",945,945,"Foul on Wes VanBeck.",40,39,1,0.505103586062326,"UCF","Houston",3,4,0,0,-2,400916581,2017-01-14
172,2,"15:45",945,945,"Official TV Timeout",40,39,1,0.505103586062326,"UCF","Houston",3,4,0,0,-2,400916581,2017-01-14
173,2,"15:38",938,938,"A.J. Davis missed Three Point Jumper.",40,39,1,0.490424631284648,"UCF","Houston",3,4,0,0,-2,400916581,2017-01-14
174,2,"15:38",938,938,"Tacko Fall Offensive Rebound.",40,39,1,0.490424631284648,"UCF","Houston",3,4,0,0,-2,400916581,2017-01-14
175,2,"15:35",935,935,"Tacko Fall made Dunk.",42,39,3,0.585274547862747,"UCF","Houston",3,4,0,0,-2,400916581,2017-01-14
176,2,"15:11",911,911,"Galen Robinson Jr. Turnover.",42,39,3,0.576949752196841,"UCF","Houston",3,4,0,0,-2,400916581,2017-01-14
177,2,"14:52",892,892,"B.J. Taylor missed Three Point Jumper.",42,39,3,0.600634795294937,"UCF","Houston",3,4,0,0,-2,400916581,2017-01-14
178,2,"14:52",892,892,"Tacko Fall Offensive Rebound.",42,39,3,0.600634795294937,"UCF","Houston",3,4,0,0,-2,400916581,2017-01-14
179,2,"14:38",878,878,"B.J. Taylor made Three Point Jumper. Assisted by Matt Williams.",45,39,6,0.720242746551774,"UCF","Houston",3,4,0,0,-2,400916581,2017-01-14
180,2,"14:15",855,855,"Galen Robinson Jr. missed Jumper.",45,39,6,0.746810665442172,"UCF","Houston",3,4,0,0,-2,400916581,2017-01-14
181,2,"14:15",855,855,"Matt Williams Defensive Rebound.",45,39,6,0.746810665442172,"UCF","Houston",3,4,0,0,-2,400916581,2017-01-14
182,2,"14:08",848,848,"Matt Williams made Layup.",47,39,8,0.814449243178678,"UCF","Houston",3,4,0,0,-2,400916581,2017-01-14
183,2,"14:02",842,842,"Houston  Timeout",47,39,8,0.814449243178678,"UCF","Houston",2,4,1,0,-2,400916581,2017-01-14
184,2,"13:41",821,821,"Galen Robinson Jr. missed Jumper.",47,39,8,0.779320986691292,"UCF","Houston",2,4,1,0,-2,400916581,2017-01-14
185,2,"13:41",821,821,"UCF Defensive Rebound.",47,39,8,0.779320986691292,"UCF","Houston",2,4,1,0,-2,400916581,2017-01-14
186,2,"13:17",797,797,"B.J. Taylor made Layup.",49,39,10,0.875401994236595,"UCF","Houston",2,4,1,0,-2,400916581,2017-01-14
187,2,"13:01",781,781,"Damyean Dotson Turnover.",49,39,10,0.861682720809966,"UCF","Houston",2,4,0,0,-2,400916581,2017-01-14
188,2,"12:42",762,762,"Foul on Bertrand Nkali.",49,39,10,0.880184556389601,"UCF","Houston",2,4,0,0,-2,400916581,2017-01-14
189,2,"12:40",760,760,"A.J. Davis made Layup. Assisted by Matt Williams.",51,39,12,0.918787900751442,"UCF","Houston",2,4,0,0,-2,400916581,2017-01-14
190,2,"12:20",740,740,"Wes VanBeck made Jumper.",51,41,10,0.876950596453693,"UCF","Houston",2,4,0,0,-2,400916581,2017-01-14
191,2,"11:58",718,718,"Official TV Timeout",51,41,10,0.864740159653876,"UCF","Houston",2,4,0,0,-2,400916581,2017-01-14
192,2,"11:49",709,709,"B.J. Taylor missed Three Point Jumper.",51,41,10,0.881844958596362,"UCF","Houston",2,4,0,0,-2,400916581,2017-01-14
193,2,"11:49",709,709,"Tanksley Efianayi Offensive Rebound.",51,41,10,0.881844958596362,"UCF","Houston",2,4,0,0,-2,400916581,2017-01-14
194,2,"11:31",691,691,"A.J. Davis missed Three Point Jumper.",51,41,10,0.893814211295033,"UCF","Houston",2,4,0,0,-2,400916581,2017-01-14
195,2,"11:31",691,691,"Tacko Fall Offensive Rebound.",51,41,10,0.893814211295033,"UCF","Houston",2,4,0,0,-2,400916581,2017-01-14
196,2,"11:14",674,674,"Tacko Fall Turnover.",51,41,10,0.888569518474318,"UCF","Houston",2,4,0,0,-2,400916581,2017-01-14
197,2,"11:14",674,674,"Foul on Tacko Fall.",51,41,10,0.888569518474318,"UCF","Houston",2,4,0,0,-2,400916581,2017-01-14
198,2,"10:50",650,650,"Rob Gray Jr. made Three Point Jumper.",51,44,7,0.823742249664389,"UCF","Houston",2,4,0,0,-2,400916581,2017-01-14
199,2,"10:32",632,632,"Foul on Danrad Knowles.",51,44,7,0.815614300393211,"UCF","Houston",2,4,0,0,-2,400916581,2017-01-14
200,2,"10:32",632,632,"Tacko Fall made Free Throw.",52,44,8,0.848549357166625,"UCF","Houston",2,4,0,0,-2,400916581,2017-01-14
201,2,"10:32",632,632,"Tacko Fall missed Free Throw.",52,44,8,0.848549357166625,"UCF","Houston",2,4,0,0,-2,400916581,2017-01-14
202,2,"10:32",632,632,"Damyean Dotson Defensive Rebound.",52,44,8,0.848549357166625,"UCF","Houston",2,4,0,0,-2,400916581,2017-01-14
203,2,"10:24",624,624,"Rob Gray Jr. made Jumper.",52,46,6,0.78209063705141,"UCF","Houston",2,4,0,0,-2,400916581,2017-01-14
204,2,"10:13",613,613,"Tacko Fall made Layup. Assisted by Matt Williams.",54,46,8,0.854461319427956,"UCF","Houston",2,4,0,0,-2,400916581,2017-01-14
205,2,"10:13",613,613,"Foul on Danrad Knowles.",54,46,8,0.854461319427956,"UCF","Houston",2,4,0,0,-2,400916581,2017-01-14
206,2,"10:13",613,613,"Tacko Fall made Free Throw.",55,46,9,0.882976973254728,"UCF","Houston",2,4,0,0,-2,400916581,2017-01-14
207,2,"10:01",601,601,"Rob Gray Jr. missed Three Point Jumper.",55,46,9,0.882536715469739,"UCF","Houston",2,4,0,0,-2,400916581,2017-01-14
208,2,"10:01",601,601,"Rob Gray Jr. Offensive Rebound.",55,46,9,0.882536715469739,"UCF","Houston",2,4,0,0,-2,400916581,2017-01-14
209,2,"9:57",597,597,"Rob Gray Jr. made Jumper.",55,48,7,0.818103007228923,"UCF","Houston",2,4,0,0,-2,400916581,2017-01-14
210,2,"9:56",596,596,"Foul on A.J. Davis.",55,48,7,0.818103007228923,"UCF","Houston",2,4,0,0,-2,400916581,2017-01-14
211,2,"9:55",595,595,"Rob Gray Jr. Turnover.",55,48,7,0.818103007228923,"UCF","Houston",2,4,0,0,-2,400916581,2017-01-14
212,2,"9:55",595,595,"A.J. Davis Steal.",55,48,7,0.818103007228923,"UCF","Houston",2,4,0,0,-2,400916581,2017-01-14
213,2,"9:55",595,595,"Foul on Galen Robinson Jr..",55,48,7,0.818103007228923,"UCF","Houston",2,4,0,0,-2,400916581,2017-01-14
214,2,"9:43",583,583,"Foul on Wes VanBeck.",55,48,7,0.819301907185649,"UCF","Houston",2,4,0,0,-2,400916581,2017-01-14
215,2,"9:22",562,562,"A.J. Davis made Three Point Jumper. Assisted by Nick Banyard.",58,48,10,0.917543035854225,"UCF","Houston",2,4,0,0,-2,400916581,2017-01-14
216,2,"9:03",543,543,"Galen Robinson Jr. made Layup.",58,50,8,0.870643150073072,"UCF","Houston",2,4,0,0,-2,400916581,2017-01-14
217,2,"8:39",519,519,"A.J. Davis missed Three Point Jumper.",58,50,8,0.882154314257963,"UCF","Houston",2,4,0,0,-2,400916581,2017-01-14
218,2,"8:39",519,519,"Rob Gray Jr. Defensive Rebound.",58,50,8,0.882154314257963,"UCF","Houston",2,4,0,0,-2,400916581,2017-01-14
219,2,"8:32",512,512,"Rob Gray Jr. made Layup.",58,52,6,0.813347255431048,"UCF","Houston",2,4,0,0,-2,400916581,2017-01-14
220,2,"8:32",512,512,"Foul on Matt Williams.",58,52,6,0.813347255431048,"UCF","Houston",2,4,0,0,-2,400916581,2017-01-14
221,2,"8:32",512,512,"Rob Gray Jr. made Free Throw.",58,53,5,0.768767852114333,"UCF","Houston",2,4,0,0,-2,400916581,2017-01-14
222,2,"8:17",497,497,"B.J. Taylor made Layup.",60,53,7,0.866788075184346,"UCF","Houston",2,4,0,0,-2,400916581,2017-01-14
223,2,"8:02",482,482,"Foul on Nick Banyard.",60,53,7,0.852993593283786,"UCF","Houston",2,4,0,0,-2,400916581,2017-01-14
224,2,"7:47",467,467,"Bertrand Nkali missed Layup.",60,53,7,0.855395911887511,"UCF","Houston",2,4,0,0,-2,400916581,2017-01-14
225,2,"7:47",467,467,"Nick Banyard Block.",60,53,7,0.855395911887511,"UCF","Houston",2,4,0,0,-2,400916581,2017-01-14
226,2,"7:45",465,465,"Bertrand Nkali Offensive Rebound.",60,53,7,0.855395911887511,"UCF","Houston",2,4,0,0,-2,400916581,2017-01-14
227,2,"7:44",464,464,"Bertrand Nkali missed Layup.",60,53,7,0.855395911887511,"UCF","Houston",2,4,0,0,-2,400916581,2017-01-14
228,2,"7:44",464,464,"Chad Brown Defensive Rebound.",60,53,7,0.855395911887511,"UCF","Houston",2,4,0,0,-2,400916581,2017-01-14
229,2,"7:29",449,449,"A.J. Davis made Layup.",62,53,9,0.916314812988166,"UCF","Houston",2,4,0,0,-2,400916581,2017-01-14
230,2,"7:08",428,428,"Armoni Brooks missed Three Point Jumper.",62,53,9,0.922451073711038,"UCF","Houston",2,4,0,0,-2,400916581,2017-01-14
231,2,"7:08",428,428,"UCF Defensive Rebound.",62,53,9,0.922451073711038,"UCF","Houston",2,4,0,0,-2,400916581,2017-01-14
232,2,"7:06",426,426,"Foul on Bertrand Nkali.",62,53,9,0.922451073711038,"UCF","Houston",2,4,0,0,-2,400916581,2017-01-14
233,2,"7:06",426,426,"Official TV Timeout",62,53,9,0.922451073711038,"UCF","Houston",2,4,0,0,-2,400916581,2017-01-14
234,2,"7:06",426,426,"Chad Brown made Free Throw.",63,53,10,0.941221482611319,"UCF","Houston",2,4,0,0,-2,400916581,2017-01-14
235,2,"7:06",426,426,"Chad Brown made Free Throw.",64,53,11,0.955666940190578,"UCF","Houston",2,4,0,0,-2,400916581,2017-01-14
236,2,"6:57",417,417,"Galen Robinson Jr. Turnover.",64,53,11,0.957828979359096,"UCF","Houston",2,4,0,0,-2,400916581,2017-01-14
237,2,"6:46",406,406,"Nick Banyard Turnover.",64,53,11,0.968562471892145,"UCF","Houston",2,4,0,0,-2,400916581,2017-01-14
238,2,"6:44",404,404,"Damyean Dotson Steal.",64,53,11,0.968562471892145,"UCF","Houston",2,4,0,0,-2,400916581,2017-01-14
239,2,"6:40",400,400,"Rob Gray Jr. missed Layup.",64,53,11,0.968562471892145,"UCF","Houston",2,4,0,0,-2,400916581,2017-01-14
240,2,"6:40",400,400,"Damyean Dotson Offensive Rebound.",64,53,11,0.968562471892145,"UCF","Houston",2,4,0,0,-2,400916581,2017-01-14
241,2,"6:29",389,389,"Galen Robinson Jr. made Three Point Jumper. Assisted by Danrad Knowles.",64,56,8,0.900741473824599,"UCF","Houston",2,4,0,0,-2,400916581,2017-01-14
242,2,"5:55",355,355,"UCF  Turnover.",64,56,8,0.915704958717096,"UCF","Houston",2,4,0,0,-2,400916581,2017-01-14
243,2,"5:45",345,345,"Armoni Brooks missed Jumper.",64,56,8,0.9159483471773,"UCF","Houston",2,4,0,0,-2,400916581,2017-01-14
244,2,"5:45",345,345,"Matt Williams Defensive Rebound.",64,56,8,0.9159483471773,"UCF","Houston",2,4,0,0,-2,400916581,2017-01-14
245,2,"5:16",316,316,"B.J. Taylor made Layup.",66,56,10,0.972912296396726,"UCF","Houston",2,4,0,0,-2,400916581,2017-01-14
246,2,"5:16",316,316,"Foul on Galen Robinson Jr..",66,56,10,0.972912296396726,"UCF","Houston",2,4,0,0,-2,400916581,2017-01-14
247,2,"5:16",316,316,"B.J. Taylor made Free Throw.",67,56,11,0.981068824014402,"UCF","Houston",2,4,0,0,-2,400916581,2017-01-14
248,2,"5:03",303,303,"Galen Robinson Jr. Turnover.",67,56,11,0.974252848846484,"UCF","Houston",2,4,0,0,-2,400916581,2017-01-14
249,2,"4:43",283,283,"A.J. Davis Turnover.",67,56,11,0.975552359418198,"UCF","Houston",2,4,0,0,-2,400916581,2017-01-14
250,2,"4:42",282,282,"Danrad Knowles Steal.",67,56,11,0.975552359418198,"UCF","Houston",2,4,0,0,-2,400916581,2017-01-14
251,2,"4:40",280,280,"Galen Robinson Jr. made Layup.",67,58,9,0.951702759378694,"UCF","Houston",2,4,0,0,-2,400916581,2017-01-14
252,2,"4:40",280,280,"Foul on A.J. Davis.",67,58,9,0.951702759378694,"UCF","Houston",2,4,0,0,-2,400916581,2017-01-14
253,2,"4:40",280,280,"Galen Robinson Jr. made Free Throw.",67,59,8,0.93264719466085,"UCF","Houston",2,4,0,0,-2,400916581,2017-01-14
254,2,"4:24",264,264,"Foul on Armoni Brooks.",67,59,8,0.946505822003728,"UCF","Houston",2,4,0,0,-2,400916581,2017-01-14
255,2,"4:24",264,264,"Tanksley Efianayi made Free Throw.",68,59,9,0.962545591693949,"UCF","Houston",2,4,0,0,-2,400916581,2017-01-14
256,2,"4:24",264,264,"Tanksley Efianayi made Free Throw.",69,59,10,0.973908550167586,"UCF","Houston",2,4,0,0,-2,400916581,2017-01-14
257,2,"4:07",247,247,"Rob Gray Jr. missed Jumper.",69,59,10,0.980321915290734,"UCF","Houston",2,4,0,0,-2,400916581,2017-01-14
258,2,"4:07",247,247,"Tacko Fall Block.",69,59,10,0.980321915290734,"UCF","Houston",2,4,0,0,-2,400916581,2017-01-14
259,2,"4:06",246,246,"Galen Robinson Jr. Offensive Rebound.",69,59,10,0.980321915290734,"UCF","Houston",2,4,0,0,-2,400916581,2017-01-14
260,2,"4:00",240,240,"Galen Robinson Jr. made Jumper.",69,61,8,0.956869083984993,"UCF","Houston",2,4,0,0,-2,400916581,2017-01-14
261,2,"3:33",213,213,"B.J. Taylor missed Layup.",69,61,8,0.96567671612634,"UCF","Houston",2,4,0,0,-2,400916581,2017-01-14
262,2,"3:33",213,213,"Damyean Dotson Defensive Rebound.",69,61,8,0.96567671612634,"UCF","Houston",2,4,0,0,-2,400916581,2017-01-14
263,2,"3:22",202,202,"Foul on Tacko Fall.",69,61,8,0.971540106949709,"UCF","Houston",2,4,0,0,-2,400916581,2017-01-14
264,2,"3:22",202,202,"Official TV Timeout",69,61,8,0.971540106949709,"UCF","Houston",2,4,0,0,-2,400916581,2017-01-14
265,2,"3:22",202,202,"Danrad Knowles made Free Throw.",69,62,7,0.955990907175505,"UCF","Houston",2,4,0,0,-2,400916581,2017-01-14
266,2,"3:22",202,202,"Danrad Knowles made Free Throw.",69,63,6,0.932536246421436,"UCF","Houston",2,4,0,0,-2,400916581,2017-01-14
267,2,"2:56",176,176,"Matt Williams missed Three Point Jumper.",69,63,6,0.950208875419293,"UCF","Houston",2,4,0,0,-2,400916581,2017-01-14
268,2,"2:56",176,176,"Damyean Dotson Defensive Rebound.",69,63,6,0.950208875419293,"UCF","Houston",2,4,0,0,-2,400916581,2017-01-14
269,2,"2:49",169,169,"Wes VanBeck missed Three Point Jumper.",69,63,6,0.951143425358624,"UCF","Houston",2,4,0,0,-2,400916581,2017-01-14
270,2,"2:49",169,169,"Wes VanBeck Offensive Rebound.",69,63,6,0.951143425358624,"UCF","Houston",2,4,0,0,-2,400916581,2017-01-14
271,2,"2:40",160,160,"Galen Robinson Jr. missed Three Point Jumper.",69,63,6,0.951143425358624,"UCF","Houston",2,4,0,0,-2,400916581,2017-01-14
272,2,"2:40",160,160,"Galen Robinson Jr. Offensive Rebound.",69,63,6,0.951143425358624,"UCF","Houston",2,4,0,0,-2,400916581,2017-01-14
273,2,"2:28",148,148,"Rob Gray Jr. made Jumper.",69,65,4,0.85494755389656,"UCF","Houston",2,4,0,0,-2,400916581,2017-01-14
274,2,"2:00",120,120,"Foul on Danrad Knowles.",69,65,4,0.887738839107169,"UCF","Houston",2,4,0,0,-2,400916581,2017-01-14
275,2,"2:00",120,120,"Tanksley Efianayi missed Free Throw.",69,65,4,0.887738839107169,"UCF","Houston",2,4,0,0,-2,400916581,2017-01-14
276,2,"2:00",120,120,"UCF Deadball Team Rebound.",69,65,4,0.887738839107169,"UCF","Houston",2,4,0,0,-2,400916581,2017-01-14
277,2,"2:00",120,120,"Tanksley Efianayi made Free Throw.",70,65,5,0.933040427838995,"UCF","Houston",2,4,0,0,-2,400916581,2017-01-14
278,2,"1:48",108,108,"Rob Gray Jr. made Jumper. Assisted by Damyean Dotson.",70,67,3,0.832740532680535,"UCF","Houston",2,4,0,0,-2,400916581,2017-01-14
279,2,"1:32",92,92,"Tanksley Efianayi missed Layup.",70,67,3,0.861820031122759,"UCF","Houston",2,4,0,0,-2,400916581,2017-01-14
280,2,"1:32",92,92,"Wes VanBeck Defensive Rebound.",70,67,3,0.861820031122759,"UCF","Houston",2,4,0,0,-2,400916581,2017-01-14
281,2,"1:24",84,84,"Galen Robinson Jr. missed Three Point Jumper.",70,67,3,0.899532642993909,"UCF","Houston",2,4,0,0,-2,400916581,2017-01-14
282,2,"1:24",84,84,"Tanksley Efianayi Defensive Rebound.",70,67,3,0.899532642993909,"UCF","Houston",2,4,0,0,-2,400916581,2017-01-14
283,2,"0:51",51,51,"Tacko Fall made Dunk.",72,67,5,0.988335512078462,"UCF","Houston",2,4,0,0,-2,400916581,2017-01-14
284,2,"0:42",42,42,"Rob Gray Jr. Turnover.",72,67,5,0.98811010632009,"UCF","Houston",2,4,0,0,-2,400916581,2017-01-14
285,2,"0:41",41,41,"B.J. Taylor Steal.",72,67,5,0.991674661374446,"UCF","Houston",2,4,0,0,-2,400916581,2017-01-14
286,2,"0:40",40,40,"Foul on Rob Gray Jr..",72,67,5,0.991674661374446,"UCF","Houston",2,4,0,0,-2,400916581,2017-01-14
287,2,"0:40",40,40,"B.J. Taylor made Free Throw.",73,67,6,0.996923661612745,"UCF","Houston",2,4,0,0,-2,400916581,2017-01-14
288,2,"0:40",40,40,"B.J. Taylor made Free Throw.",74,67,7,0.998867027448289,"UCF","Houston",2,4,0,0,-2,400916581,2017-01-14
289,2,"0:36",36,36,"Foul on Chad Brown.",74,67,7,0.998801687901729,"UCF","Houston",2,4,0,0,-2,400916581,2017-01-14
290,2,"0:36",36,36,"Bertrand Nkali missed Free Throw.",74,67,7,0.998801687901729,"UCF","Houston",2,4,0,0,-2,400916581,2017-01-14
291,2,"0:36",36,36,"Bertrand Nkali Offensive Rebound.",74,67,7,0.998801687901729,"UCF","Houston",2,4,0,0,-2,400916581,2017-01-14
292,2,"0:33",33,33,"Bertrand Nkali Turnover.",74,67,7,0.999629678311343,"UCF","Houston",2,4,0,0,-2,400916581,2017-01-14
293,2,"0:32",32,32,"B.J. Taylor Steal.",74,67,7,0.999629678311343,"UCF","Houston",2,4,0,0,-2,400916581,2017-01-14
294,2,"0:30",30,30,"Foul on Wes VanBeck.",74,67,7,0.998728001443342,"UCF","Houston",2,4,0,0,-2,400916581,2017-01-14
295,2,"0:30",30,30,"B.J. Taylor missed Free Throw.",74,67,7,0.998728001443342,"UCF","Houston",2,4,0,0,-2,400916581,2017-01-14
296,2,"0:30",30,30,"UCF Deadball Team Rebound.",74,67,7,0.998728001443342,"UCF","Houston",2,4,0,0,-2,400916581,2017-01-14
297,2,"0:30",30,30,"B.J. Taylor made Free Throw.",75,67,8,0.99951327198771,"UCF","Houston",2,4,0,0,-2,400916581,2017-01-14
298,2,"0:25",25,25,"Wes VanBeck missed Three Point Jumper.",75,67,8,0.999978315267108,"UCF","Houston",2,4,0,0,-2,400916581,2017-01-14
299,2,"0:25",25,25,"Chad Brown Defensive Rebound.",75,67,8,0.999978315267108,"UCF","Houston",2,4,0,0,-2,400916581,2017-01-14
300,2,"0:21",21,21,"Foul on Damyean Dotson.",75,67,8,0.999996827952325,"UCF","Houston",2,4,0,0,-2,400916581,2017-01-14
301,2,"0:21",21,21,"Chad Brown made Free Throw.",76,67,9,0.999999380223959,"UCF","Houston",2,4,0,0,-2,400916581,2017-01-14
302,2,"0:21",21,21,"Chad Brown made Free Throw.",77,67,10,0.999999878904231,"UCF","Houston",2,4,0,0,-2,400916581,2017-01-14
303,2,"0:16",16,16,"Galen Robinson Jr. made Layup.",77,69,8,0.999998073085826,"UCF","Houston",2,4,0,0,-2,400916581,2017-01-14
304,2,"0:15",15,15,"A.J. Davis Turnover.",77,69,8,0.999988785893978,"UCF","Houston",2,4,0,0,-2,400916581,2017-01-14
305,2,"0:14",14,14,"Wes VanBeck Steal.",77,69,8,0.999998944724526,"UCF","Houston",2,4,0,0,-2,400916581,2017-01-14
306,2,"0:11",11,11,"Rob Gray Jr. missed Layup.",77,69,8,0.999988473890766,"UCF","Houston",2,4,0,0,-2,400916581,2017-01-14
307,2,"0:11",11,11,"Wes VanBeck Offensive Rebound.",77,69,8,0.999988473890766,"UCF","Houston",2,4,0,0,-2,400916581,2017-01-14
308,2,"0:03",3,3,"Foul on Tanksley Efianayi.",77,69,8,0.999996921836249,"UCF","Houston",2,4,0,0,-2,400916581,2017-01-14
309,2,"0:03",3,3,"Rob Gray Jr. missed Free Throw.",77,69,8,0.999996921836249,"UCF","Houston",2,4,0,0,-2,400916581,2017-01-14
310,2,"0:03",3,3,"Houston Deadball Team Rebound.",77,69,8,0.999996921836249,"UCF","Houston",2,4,0,0,-2,400916581,2017-01-14
311,2,"0:03",3,3,"Rob Gray Jr. made Free Throw.",77,70,7,0.99998276082228,"UCF","Houston",2,4,0,0,-2,400916581,2017-01-14
312,2,"0:00",0,0,"End of Game",77,70,7,1,"UCF","Houston",2,4,0,0,-2,400916581,2017-01-14
