"play_id","half","time_remaining_half","secs_remaining","secs_remaining_absolute","description","home_score","away_score","score_diff","win_prob","home","away","home_time_out_remaining","away_time_out_remaining","home_timeout_ind","away_timeout_ind","home_favored_by","game_id","date"
1,1,"20:00",2400,2400,"PLAY",0,0,0,0.281069072883444,"Fordham","La Salle",4,4,0,0,-4.5,400989875,2018-02-24
2,1,"19:46",2386,2386,"Pookie Powell missed Jumper.",0,0,0,0.287040960520554,"Fordham","La Salle",4,4,0,0,-4.5,400989875,2018-02-24
3,1,"19:46",2386,2386,"Prokop Slanina Defensive Rebound.",0,0,0,0.287040960520554,"Fordham","La Salle",4,4,0,0,-4.5,400989875,2018-02-24
4,1,"19:25",2365,2365,"Cavit Havsa made Layup.",2,0,2,0.311463985001099,"Fordham","La Salle",4,4,0,0,-4.5,400989875,2018-02-24
5,1,"19:12",2352,2352,"Pookie Powell made Three Point Jumper.",2,3,-1,0.290693308076461,"Fordham","La Salle",4,4,0,0,-4.5,400989875,2018-02-24
6,1,"18:43",2323,2323,"Cavit Havsa missed Jumper.",2,3,-1,0.294261574924029,"Fordham","La Salle",4,4,0,0,-4.5,400989875,2018-02-24
7,1,"18:43",2323,2323,"Ivan Raut Offensive Rebound.",2,3,-1,0.294261574924029,"Fordham","La Salle",4,4,0,0,-4.5,400989875,2018-02-24
8,1,"18:39",2319,2319,"Perris Hicks missed Three Point Jumper.",2,3,-1,0.278670408474984,"Fordham","La Salle",4,4,0,0,-4.5,400989875,2018-02-24
9,1,"18:39",2319,2319,"Saul Phiri Defensive Rebound.",2,3,-1,0.278670408474984,"Fordham","La Salle",4,4,0,0,-4.5,400989875,2018-02-24
10,1,"18:22",2302,2302,"Foul on Cavit Havsa.",2,3,-1,0.279259570910448,"Fordham","La Salle",4,4,0,0,-4.5,400989875,2018-02-24
11,1,"18:22",2302,2302,"Amar Stukes made Free Throw.",2,4,-2,0.259675985375846,"Fordham","La Salle",4,4,0,0,-4.5,400989875,2018-02-24
12,1,"18:22",2302,2302,"Amar Stukes made Free Throw.",2,5,-3,0.241006508652345,"Fordham","La Salle",4,4,0,0,-4.5,400989875,2018-02-24
13,1,"18:09",2289,2289,"Prokop Slanina made Three Point Jumper. Assisted by Ivan Raut.",5,5,0,0.296319918267515,"Fordham","La Salle",4,4,0,0,-4.5,400989875,2018-02-24
14,1,"17:46",2266,2266,"Pookie Powell missed Three Point Jumper.",5,5,0,0.301158048065172,"Fordham","La Salle",4,4,0,0,-4.5,400989875,2018-02-24
15,1,"17:46",2266,2266,"Will Tavares Defensive Rebound.",5,5,0,0.301158048065172,"Fordham","La Salle",4,4,0,0,-4.5,400989875,2018-02-24
16,1,"17:26",2246,2246,"Ivan Raut missed Jumper.",5,5,0,0.329329064456219,"Fordham","La Salle",4,4,0,0,-4.5,400989875,2018-02-24
17,1,"17:26",2246,2246,"B.J. Johnson Defensive Rebound.",5,5,0,0.329329064456219,"Fordham","La Salle",4,4,0,0,-4.5,400989875,2018-02-24
18,1,"17:16",2236,2236,"Amar Stukes made Three Point Jumper. Assisted by B.J. Johnson.",5,8,-3,0.239187512429957,"Fordham","La Salle",4,4,0,0,-4.5,400989875,2018-02-24
19,1,"17:04",2224,2224,"Prokop Slanina missed Layup.",5,8,-3,0.244633593114666,"Fordham","La Salle",4,4,0,0,-4.5,400989875,2018-02-24
20,1,"17:04",2224,2224,"Saul Phiri Defensive Rebound.",5,8,-3,0.244633593114666,"Fordham","La Salle",4,4,0,0,-4.5,400989875,2018-02-24
21,1,"16:55",2215,2215,"B.J. Johnson made Three Point Jumper. Assisted by Amar Stukes.",5,11,-6,0.178403672848426,"Fordham","La Salle",4,4,0,0,-4.5,400989875,2018-02-24
22,1,"16:30",2190,2190,"Will Tavares made Three Point Jumper. Assisted by Cavit Havsa.",8,11,-3,0.244659161133332,"Fordham","La Salle",4,4,0,0,-4.5,400989875,2018-02-24
23,1,"16:05",2165,2165,"Amar Stukes made Jumper.",8,13,-5,0.204450162031136,"Fordham","La Salle",4,4,0,0,-4.5,400989875,2018-02-24
24,1,"15:49",2149,2149,"Ivan Raut Turnover.",8,13,-5,0.215256190252229,"Fordham","La Salle",4,4,0,0,-4.5,400989875,2018-02-24
25,1,"15:49",2149,2149,"Official TV Timeout",8,13,-5,0.215256190252229,"Fordham","La Salle",4,4,0,0,-4.5,400989875,2018-02-24
26,1,"15:40",2140,2140,"B.J. Johnson Turnover.",8,13,-5,0.215256190252229,"Fordham","La Salle",4,4,0,0,-4.5,400989875,2018-02-24
27,1,"15:21",2121,2121,"Ivan Raut missed Three Point Jumper.",8,13,-5,0.194992087445545,"Fordham","La Salle",4,4,0,0,-4.5,400989875,2018-02-24
28,1,"15:21",2121,2121,"Saul Phiri Defensive Rebound.",8,13,-5,0.194992087445545,"Fordham","La Salle",4,4,0,0,-4.5,400989875,2018-02-24
29,1,"15:12",2112,2112,"Pookie Powell missed Layup.",8,13,-5,0.184846322284637,"Fordham","La Salle",4,4,0,0,-4.5,400989875,2018-02-24
30,1,"15:12",2112,2112,"Perris Hicks Defensive Rebound.",8,13,-5,0.184846322284637,"Fordham","La Salle",4,4,0,0,-4.5,400989875,2018-02-24
31,1,"15:00",2100,2100,"Cavit Havsa missed Layup.",8,13,-5,0.200983263681002,"Fordham","La Salle",4,4,0,0,-4.5,400989875,2018-02-24
32,1,"15:00",2100,2100,"Saul Phiri Defensive Rebound.",8,13,-5,0.200983263681002,"Fordham","La Salle",4,4,0,0,-4.5,400989875,2018-02-24
33,1,"14:48",2088,2088,"B.J. Johnson made Three Point Jumper. Assisted by Amar Stukes.",8,16,-8,0.164151276589271,"Fordham","La Salle",4,4,0,0,-4.5,400989875,2018-02-24
34,1,"14:26",2066,2066,"Prokop Slanina missed Jumper.",8,16,-8,0.140418548559412,"Fordham","La Salle",4,4,0,0,-4.5,400989875,2018-02-24
35,1,"14:26",2066,2066,"Tony Washington Defensive Rebound.",8,16,-8,0.140418548559412,"Fordham","La Salle",4,4,0,0,-4.5,400989875,2018-02-24
36,1,"14:18",2058,2058,"B.J. Johnson made Jumper.",8,18,-10,0.110098256786232,"Fordham","La Salle",4,4,0,0,-4.5,400989875,2018-02-24
37,1,"13:57",2037,2037,"Ivan Raut missed Three Point Jumper.",8,18,-10,0.126573363873317,"Fordham","La Salle",4,4,0,0,-4.5,400989875,2018-02-24
38,1,"13:57",2037,2037,"Saul Phiri Defensive Rebound.",8,18,-10,0.126573363873317,"Fordham","La Salle",4,4,0,0,-4.5,400989875,2018-02-24
39,1,"13:50",2030,2030,"Foul on Ivan Raut.",8,18,-10,0.126573363873317,"Fordham","La Salle",4,4,0,0,-4.5,400989875,2018-02-24
40,1,"13:38",2018,2018,"Pookie Powell Turnover.",8,18,-10,0.126400619536455,"Fordham","La Salle",4,4,0,0,-4.5,400989875,2018-02-24
41,1,"13:36",2016,2016,"Prokop Slanina Steal.",8,18,-10,0.126400619536455,"Fordham","La Salle",4,4,0,0,-4.5,400989875,2018-02-24
42,1,"13:33",2013,2013,"Foul on Amar Stukes.",8,18,-10,0.126400619536455,"Fordham","La Salle",4,4,0,0,-4.5,400989875,2018-02-24
43,1,"13:09",1989,1989,"Cavit Havsa made Jumper.",10,18,-8,0.141506363796289,"Fordham","La Salle",4,4,0,0,-4.5,400989875,2018-02-24
44,1,"12:51",1971,1971,"Pookie Powell missed Jumper.",10,18,-8,0.135944843589962,"Fordham","La Salle",4,4,0,0,-4.5,400989875,2018-02-24
45,1,"12:51",1971,1971,"Joseph Chartouny Defensive Rebound.",10,18,-8,0.135944843589962,"Fordham","La Salle",4,4,0,0,-4.5,400989875,2018-02-24
46,1,"12:31",1951,1951,"Prokop Slanina missed Jumper.",10,18,-8,0.151235312045542,"Fordham","La Salle",4,4,0,0,-4.5,400989875,2018-02-24
47,1,"12:31",1951,1951,"Saul Phiri Defensive Rebound.",10,18,-8,0.151235312045542,"Fordham","La Salle",4,4,0,0,-4.5,400989875,2018-02-24
48,1,"12:15",1935,1935,"Amar Stukes missed Layup.",10,18,-8,0.135688024993053,"Fordham","La Salle",4,4,0,0,-4.5,400989875,2018-02-24
49,1,"12:15",1935,1935,"Tony Washington Offensive Rebound.",10,18,-8,0.135688024993053,"Fordham","La Salle",4,4,0,0,-4.5,400989875,2018-02-24
50,1,"12:13",1933,1933,"Tony Washington made Layup.",10,20,-10,0.108136668759883,"Fordham","La Salle",4,4,0,0,-4.5,400989875,2018-02-24
51,1,"11:38",1898,1898,"Fordham  Turnover.",10,20,-10,0.112776656528041,"Fordham","La Salle",4,4,0,0,-4.5,400989875,2018-02-24
52,1,"11:38",1898,1898,"Official TV Timeout",10,20,-10,0.112776656528041,"Fordham","La Salle",4,4,0,0,-4.5,400989875,2018-02-24
53,1,"11:21",1881,1881,"Miles Brookins made Layup. Assisted by Johnnie Shuler.",10,22,-12,0.0883365038719934,"Fordham","La Salle",4,4,0,0,-4.5,400989875,2018-02-24
54,1,"10:51",1851,1851,"Joseph Chartouny made Layup. Assisted by Prokop Slanina.",12,22,-10,0.118228036877973,"Fordham","La Salle",4,4,0,0,-4.5,400989875,2018-02-24
55,1,"10:51",1851,1851,"Foul on Miles Brookins.",12,22,-10,0.118228036877973,"Fordham","La Salle",4,4,0,0,-4.5,400989875,2018-02-24
56,1,"10:51",1851,1851,"Joseph Chartouny missed Free Throw.",12,22,-10,0.118228036877973,"Fordham","La Salle",4,4,0,0,-4.5,400989875,2018-02-24
57,1,"10:51",1851,1851,"B.J. Johnson Defensive Rebound.",12,22,-10,0.118228036877973,"Fordham","La Salle",4,4,0,0,-4.5,400989875,2018-02-24
58,1,"10:28",1828,1828,"Miles Brookins missed Jumper.",12,22,-10,0.128346572705432,"Fordham","La Salle",4,4,0,0,-4.5,400989875,2018-02-24
59,1,"10:28",1828,1828,"Joseph Chartouny Defensive Rebound.",12,22,-10,0.128346572705432,"Fordham","La Salle",4,4,0,0,-4.5,400989875,2018-02-24
60,1,"10:04",1804,1804,"Ivan Raut missed Three Point Jumper.",12,22,-10,0.110225930465742,"Fordham","La Salle",4,4,0,0,-4.5,400989875,2018-02-24
61,1,"10:04",1804,1804,"B.J. Johnson Defensive Rebound.",12,22,-10,0.110225930465742,"Fordham","La Salle",4,4,0,0,-4.5,400989875,2018-02-24
62,1,"9:44",1784,1784,"Saul Phiri missed Three Point Jumper.",12,22,-10,0.101400594114581,"Fordham","La Salle",4,4,0,0,-4.5,400989875,2018-02-24
63,1,"9:44",1784,1784,"Saul Phiri Offensive Rebound.",12,22,-10,0.101400594114581,"Fordham","La Salle",4,4,0,0,-4.5,400989875,2018-02-24
64,1,"9:28",1768,1768,"Johnnie Shuler Turnover.",12,22,-10,0.109450614510425,"Fordham","La Salle",4,4,0,0,-4.5,400989875,2018-02-24
65,1,"9:28",1768,1768,"Joseph Chartouny Steal.",12,22,-10,0.109450614510425,"Fordham","La Salle",4,4,0,0,-4.5,400989875,2018-02-24
66,1,"9:07",1747,1747,"Cavit Havsa Turnover.",12,22,-10,0.128704577866544,"Fordham","La Salle",4,4,0,0,-4.5,400989875,2018-02-24
67,1,"9:04",1744,1744,"Johnnie Shuler missed Three Point Jumper.",12,22,-10,0.128704577866544,"Fordham","La Salle",4,4,0,0,-4.5,400989875,2018-02-24
68,1,"9:04",1744,1744,"David Pekarek Defensive Rebound.",12,22,-10,0.128704577866544,"Fordham","La Salle",4,4,0,0,-4.5,400989875,2018-02-24
69,1,"8:52",1732,1732,"Cavit Havsa made Three Point Jumper. Assisted by Joseph Chartouny.",15,22,-7,0.151920002539988,"Fordham","La Salle",4,4,0,0,-4.5,400989875,2018-02-24
70,1,"8:35",1715,1715,"Pookie Powell missed Jumper.",15,22,-7,0.151795034983085,"Fordham","La Salle",4,4,0,0,-4.5,400989875,2018-02-24
71,1,"8:35",1715,1715,"Will Tavares Defensive Rebound.",15,22,-7,0.151795034983085,"Fordham","La Salle",4,4,0,0,-4.5,400989875,2018-02-24
72,1,"8:04",1684,1684,"Will Tavares Turnover.",15,22,-7,0.140504434391532,"Fordham","La Salle",4,4,0,0,-4.5,400989875,2018-02-24
73,1,"7:53",1673,1673,"B.J. Johnson Turnover.",15,22,-7,0.152950336198041,"Fordham","La Salle",4,4,0,0,-4.5,400989875,2018-02-24
74,1,"7:53",1673,1673,"Official TV Timeout",15,22,-7,0.152950336198041,"Fordham","La Salle",4,4,0,0,-4.5,400989875,2018-02-24
75,1,"7:25",1645,1645,"Will Tavares missed Jumper.",15,22,-7,0.156633588187701,"Fordham","La Salle",4,4,0,0,-4.5,400989875,2018-02-24
76,1,"7:25",1645,1645,"Johnnie Shuler Defensive Rebound.",15,22,-7,0.156633588187701,"Fordham","La Salle",4,4,0,0,-4.5,400989875,2018-02-24
77,1,"7:17",1637,1637,"B.J. Johnson missed Layup.",15,22,-7,0.16994762992027,"Fordham","La Salle",4,4,0,0,-4.5,400989875,2018-02-24
78,1,"7:17",1637,1637,"Prokop Slanina Block.",15,22,-7,0.16994762992027,"Fordham","La Salle",4,4,0,0,-4.5,400989875,2018-02-24
79,1,"7:17",1637,1637,"La Salle Offensive Rebound.",15,22,-7,0.16994762992027,"Fordham","La Salle",4,4,0,0,-4.5,400989875,2018-02-24
80,1,"7:12",1632,1632,"Foul on David Pekarek.",15,22,-7,0.16994762992027,"Fordham","La Salle",4,4,0,0,-4.5,400989875,2018-02-24
81,1,"7:12",1632,1632,"B.J. Johnson missed Free Throw.",15,22,-7,0.16994762992027,"Fordham","La Salle",4,4,0,0,-4.5,400989875,2018-02-24
82,1,"7:12",1632,1632,"La Salle Deadball Team Rebound.",15,22,-7,0.16994762992027,"Fordham","La Salle",4,4,0,0,-4.5,400989875,2018-02-24
83,1,"7:12",1632,1632,"B.J. Johnson made Free Throw.",15,23,-8,0.152183697413045,"Fordham","La Salle",4,4,0,0,-4.5,400989875,2018-02-24
84,1,"7:03",1623,1623,"Prokop Slanina missed Three Point Jumper.",15,23,-8,0.12986202992899,"Fordham","La Salle",4,4,0,0,-4.5,400989875,2018-02-24
85,1,"7:03",1623,1623,"Pookie Powell Defensive Rebound.",15,23,-8,0.12986202992899,"Fordham","La Salle",4,4,0,0,-4.5,400989875,2018-02-24
86,1,"6:45",1605,1605,"Pookie Powell missed Layup.",15,23,-8,0.135508740071529,"Fordham","La Salle",4,4,0,0,-4.5,400989875,2018-02-24
87,1,"6:45",1605,1605,"Tony Washington Offensive Rebound.",15,23,-8,0.135508740071529,"Fordham","La Salle",4,4,0,0,-4.5,400989875,2018-02-24
88,1,"6:42",1602,1602,"Tony Washington made Layup.",15,25,-10,0.10756674967145,"Fordham","La Salle",4,4,0,0,-4.5,400989875,2018-02-24
89,1,"6:22",1582,1582,"David Pekarek missed Three Point Jumper.",15,25,-10,0.102836470126138,"Fordham","La Salle",4,4,0,0,-4.5,400989875,2018-02-24
90,1,"6:22",1582,1582,"Tony Washington Defensive Rebound.",15,25,-10,0.102836470126138,"Fordham","La Salle",4,4,0,0,-4.5,400989875,2018-02-24
91,1,"6:03",1563,1563,"Amar Stukes made Jumper.",15,27,-12,0.0766763234005308,"Fordham","La Salle",4,4,0,0,-4.5,400989875,2018-02-24
92,1,"6:01",1561,1561,"Fordham  Timeout",15,27,-12,0.0766763234005308,"Fordham","La Salle",3,4,1,0,-4.5,400989875,2018-02-24
93,1,"5:47",1547,1547,"Foul on B.J. Johnson.",15,27,-12,0.0836200569188993,"Fordham","La Salle",3,4,1,0,-4.5,400989875,2018-02-24
94,1,"5:35",1535,1535,"Cavit Havsa made Layup.",17,27,-10,0.107634468558865,"Fordham","La Salle",3,4,1,0,-4.5,400989875,2018-02-24
95,1,"5:35",1535,1535,"Foul on Saul Phiri.",17,27,-10,0.107634468558865,"Fordham","La Salle",3,4,1,0,-4.5,400989875,2018-02-24
96,1,"5:35",1535,1535,"Cavit Havsa missed Free Throw.",17,27,-10,0.107634468558865,"Fordham","La Salle",3,4,1,0,-4.5,400989875,2018-02-24
97,1,"5:35",1535,1535,"Tony Washington Defensive Rebound.",17,27,-10,0.107634468558865,"Fordham","La Salle",3,4,1,0,-4.5,400989875,2018-02-24
98,1,"5:15",1515,1515,"Amar Stukes made Jumper.",17,29,-12,0.0793880950591784,"Fordham","La Salle",3,4,1,0,-4.5,400989875,2018-02-24
99,1,"5:00",1500,1500,"Joseph Chartouny missed Three Point Jumper.",17,29,-12,0.0811354848792894,"Fordham","La Salle",3,4,0,0,-4.5,400989875,2018-02-24
100,1,"5:00",1500,1500,"B.J. Johnson Defensive Rebound.",17,29,-12,0.0811354848792894,"Fordham","La Salle",3,4,0,0,-4.5,400989875,2018-02-24
101,1,"4:48",1488,1488,"B.J. Johnson Turnover.",17,29,-12,0.0719795951509538,"Fordham","La Salle",3,4,0,0,-4.5,400989875,2018-02-24
102,1,"4:47",1487,1487,"Perris Hicks Steal.",17,29,-12,0.0719795951509538,"Fordham","La Salle",3,4,0,0,-4.5,400989875,2018-02-24
103,1,"4:45",1485,1485,"Perris Hicks Turnover.",17,29,-12,0.0719795951509538,"Fordham","La Salle",3,4,0,0,-4.5,400989875,2018-02-24
104,1,"4:44",1484,1484,"Saul Phiri Steal.",17,29,-12,0.0719795951509538,"Fordham","La Salle",3,4,0,0,-4.5,400989875,2018-02-24
105,1,"4:31",1471,1471,"Pookie Powell missed Layup.",17,29,-12,0.0670003770284006,"Fordham","La Salle",3,4,0,0,-4.5,400989875,2018-02-24
106,1,"4:31",1471,1471,"Tony Washington Offensive Rebound.",17,29,-12,0.0670003770284006,"Fordham","La Salle",3,4,0,0,-4.5,400989875,2018-02-24
107,1,"4:27",1467,1467,"Foul on Joseph Chartouny.",17,29,-12,0.0972427523642422,"Fordham","La Salle",3,4,0,0,-4.5,400989875,2018-02-24
108,1,"4:27",1467,1467,"Tony Washington made Free Throw.",17,30,-13,0.0856722055381996,"Fordham","La Salle",3,4,0,0,-4.5,400989875,2018-02-24
109,1,"4:27",1467,1467,"Tony Washington made Free Throw.",17,31,-14,0.0753634624122606,"Fordham","La Salle",3,4,0,0,-4.5,400989875,2018-02-24
110,1,"4:14",1454,1454,"Joseph Chartouny missed Jumper.",17,31,-14,0.0556524722062113,"Fordham","La Salle",3,4,0,0,-4.5,400989875,2018-02-24
111,1,"4:14",1454,1454,"Tony Washington Block.",17,31,-14,0.0556524722062113,"Fordham","La Salle",3,4,0,0,-4.5,400989875,2018-02-24
112,1,"4:12",1452,1452,"Amar Stukes Defensive Rebound.",17,31,-14,0.0556524722062113,"Fordham","La Salle",3,4,0,0,-4.5,400989875,2018-02-24
113,1,"4:06",1446,1446,"Amar Stukes missed Layup.",17,31,-14,0.0620107542345535,"Fordham","La Salle",3,4,0,0,-4.5,400989875,2018-02-24
114,1,"4:06",1446,1446,"Pookie Powell Offensive Rebound.",17,31,-14,0.0620107542345535,"Fordham","La Salle",3,4,0,0,-4.5,400989875,2018-02-24
115,1,"4:00",1440,1440,"Amar Stukes missed Three Point Jumper.",17,31,-14,0.0620107542345535,"Fordham","La Salle",3,4,0,0,-4.5,400989875,2018-02-24
116,1,"4:00",1440,1440,"Will Tavares Defensive Rebound.",17,31,-14,0.0620107542345535,"Fordham","La Salle",3,4,0,0,-4.5,400989875,2018-02-24
117,1,"3:49",1429,1429,"Will Tavares missed Three Point Jumper.",17,31,-14,0.0618814550938363,"Fordham","La Salle",3,4,0,0,-4.5,400989875,2018-02-24
118,1,"3:49",1429,1429,"Jamir Moultrie Defensive Rebound.",17,31,-14,0.0618814550938363,"Fordham","La Salle",3,4,0,0,-4.5,400989875,2018-02-24
119,1,"3:32",1412,1412,"Jamir Moultrie made Jumper.",17,33,-16,0.0414749711433055,"Fordham","La Salle",3,4,0,0,-4.5,400989875,2018-02-24
120,1,"3:15",1395,1395,"Ivan Raut missed Three Point Jumper.",17,33,-16,0.036463886795817,"Fordham","La Salle",3,4,0,0,-4.5,400989875,2018-02-24
121,1,"3:15",1395,1395,"Saul Phiri Block.",17,33,-16,0.036463886795817,"Fordham","La Salle",3,4,0,0,-4.5,400989875,2018-02-24
122,1,"3:14",1394,1394,"Saul Phiri Defensive Rebound.",17,33,-16,0.036463886795817,"Fordham","La Salle",3,4,0,0,-4.5,400989875,2018-02-24
123,1,"3:05",1385,1385,"Pookie Powell missed Three Point Jumper.",17,33,-16,0.0461796557069515,"Fordham","La Salle",3,4,0,0,-4.5,400989875,2018-02-24
124,1,"3:05",1385,1385,"Ivan Raut Defensive Rebound.",17,33,-16,0.0461796557069515,"Fordham","La Salle",3,4,0,0,-4.5,400989875,2018-02-24
125,1,"2:39",1359,1359,"Joseph Chartouny missed Layup.",17,33,-16,0.043955076251736,"Fordham","La Salle",3,4,0,0,-4.5,400989875,2018-02-24
126,1,"2:39",1359,1359,"Pookie Powell Defensive Rebound.",17,33,-16,0.043955076251736,"Fordham","La Salle",3,4,0,0,-4.5,400989875,2018-02-24
127,1,"2:25",1345,1345,"Tony Washington made Jumper.",17,35,-18,0.0293838258681418,"Fordham","La Salle",3,4,0,0,-4.5,400989875,2018-02-24
128,1,"2:09",1329,1329,"Joseph Chartouny missed Layup.",17,35,-18,0.0290177892180614,"Fordham","La Salle",3,4,0,0,-4.5,400989875,2018-02-24
129,1,"2:09",1329,1329,"Joseph Chartouny Offensive Rebound.",17,35,-18,0.0290177892180614,"Fordham","La Salle",3,4,0,0,-4.5,400989875,2018-02-24
130,1,"2:07",1327,1327,"Joseph Chartouny missed Layup.",17,35,-18,0.0290177892180614,"Fordham","La Salle",3,4,0,0,-4.5,400989875,2018-02-24
131,1,"2:07",1327,1327,"Tony Washington Defensive Rebound.",17,35,-18,0.0290177892180614,"Fordham","La Salle",3,4,0,0,-4.5,400989875,2018-02-24
132,1,"1:52",1312,1312,"Tony Washington Turnover.",17,35,-18,0.0322132232335328,"Fordham","La Salle",3,4,0,0,-4.5,400989875,2018-02-24
133,1,"1:52",1312,1312,"Official TV Timeout",17,35,-18,0.0322132232335328,"Fordham","La Salle",3,4,0,0,-4.5,400989875,2018-02-24
134,1,"1:36",1296,1296,"Prokop Slanina missed Jumper.",17,35,-18,0.0292744923278519,"Fordham","La Salle",3,4,0,0,-4.5,400989875,2018-02-24
135,1,"1:36",1296,1296,"Pookie Powell Defensive Rebound.",17,35,-18,0.0292744923278519,"Fordham","La Salle",3,4,0,0,-4.5,400989875,2018-02-24
136,1,"1:06",1266,1266,"Amar Stukes made Three Point Jumper. Assisted by Pookie Powell.",17,38,-21,0.0192713942011573,"Fordham","La Salle",3,4,0,0,-4.5,400989875,2018-02-24
137,1,"0:40",1240,1240,"Cavit Havsa made Layup.",19,38,-19,0.0261584560331233,"Fordham","La Salle",3,4,0,0,-4.5,400989875,2018-02-24
138,1,"0:12",1212,1212,"Pookie Powell made Jumper.",19,40,-21,0.0161993782168008,"Fordham","La Salle",3,4,0,0,-4.5,400989875,2018-02-24
139,1,"0:00",1200,1200,"End of 1st half",19,40,-21,0.0180668824410012,"Fordham","La Salle",3,4,0,0,-4.5,400989875,2018-02-24
140,2,"20:00",1200,1200,"PLAY",19,40,-21,0.0180668824410012,"Fordham","La Salle",4,4,0,0,-4.5,400989875,2018-02-24
141,2,"19:45",1185,1185,"Ivan Raut missed Jumper.",19,40,-21,0.0157393316565231,"Fordham","La Salle",4,4,0,0,-4.5,400989875,2018-02-24
142,2,"19:45",1185,1185,"B.J. Johnson Defensive Rebound.",19,40,-21,0.0157393316565231,"Fordham","La Salle",4,4,0,0,-4.5,400989875,2018-02-24
143,2,"19:33",1173,1173,"Saul Phiri missed Jumper.",19,40,-21,0.017156564965538,"Fordham","La Salle",4,4,0,0,-4.5,400989875,2018-02-24
144,2,"19:33",1173,1173,"Joseph Chartouny Defensive Rebound.",19,40,-21,0.017156564965538,"Fordham","La Salle",4,4,0,0,-4.5,400989875,2018-02-24
145,2,"19:23",1163,1163,"Prokop Slanina missed Jumper.",19,40,-21,0.0144361822773141,"Fordham","La Salle",4,4,0,0,-4.5,400989875,2018-02-24
146,2,"19:23",1163,1163,"Pookie Powell Defensive Rebound.",19,40,-21,0.0144361822773141,"Fordham","La Salle",4,4,0,0,-4.5,400989875,2018-02-24
147,2,"19:14",1154,1154,"Tony Washington made Layup. Assisted by Pookie Powell.",19,42,-23,0.0134040971560285,"Fordham","La Salle",4,4,0,0,-4.5,400989875,2018-02-24
148,2,"18:55",1135,1135,"Foul on Saul Phiri.",19,42,-23,0.0125171573134476,"Fordham","La Salle",4,4,0,0,-4.5,400989875,2018-02-24
149,2,"18:55",1135,1135,"Will Tavares missed Free Throw.",19,42,-23,0.0125171573134476,"Fordham","La Salle",4,4,0,0,-4.5,400989875,2018-02-24
150,2,"18:55",1135,1135,"Fordham Deadball Team Rebound.",19,42,-23,0.0125171573134476,"Fordham","La Salle",4,4,0,0,-4.5,400989875,2018-02-24
151,2,"18:55",1135,1135,"Will Tavares made Free Throw.",20,42,-22,0.0146975158100937,"Fordham","La Salle",4,4,0,0,-4.5,400989875,2018-02-24
152,2,"18:41",1121,1121,"Amar Stukes missed Layup.",20,42,-22,0.00857635047208704,"Fordham","La Salle",4,4,0,0,-4.5,400989875,2018-02-24
153,2,"18:41",1121,1121,"Tony Washington Offensive Rebound.",20,42,-22,0.00857635047208704,"Fordham","La Salle",4,4,0,0,-4.5,400989875,2018-02-24
154,2,"18:38",1118,1118,"Tony Washington made Dunk.",20,44,-24,0.00907575005969085,"Fordham","La Salle",4,4,0,0,-4.5,400989875,2018-02-24
155,2,"18:21",1101,1101,"Will Tavares made Layup. Assisted by Joseph Chartouny.",22,44,-22,0.0139997640100722,"Fordham","La Salle",4,4,0,0,-4.5,400989875,2018-02-24
156,2,"18:02",1082,1082,"Foul on Will Tavares.",22,44,-22,0.0102041142259644,"Fordham","La Salle",4,4,0,0,-4.5,400989875,2018-02-24
157,2,"18:02",1082,1082,"Pookie Powell made Free Throw.",22,45,-23,0.00856256273736817,"Fordham","La Salle",4,4,0,0,-4.5,400989875,2018-02-24
158,2,"18:02",1082,1082,"Pookie Powell missed Free Throw.",22,45,-23,0.00856256273736817,"Fordham","La Salle",4,4,0,0,-4.5,400989875,2018-02-24
159,2,"18:02",1082,1082,"Prokop Slanina Defensive Rebound.",22,45,-23,0.00856256273736817,"Fordham","La Salle",4,4,0,0,-4.5,400989875,2018-02-24
160,2,"17:34",1054,1054,"Ivan Raut missed Three Point Jumper.",22,45,-23,0.0089959133920862,"Fordham","La Salle",4,4,0,0,-4.5,400989875,2018-02-24
161,2,"17:34",1054,1054,"Tony Washington Defensive Rebound.",22,45,-23,0.0089959133920862,"Fordham","La Salle",4,4,0,0,-4.5,400989875,2018-02-24
162,2,"17:22",1042,1042,"La Salle  Timeout",22,45,-23,0.0103284771526502,"Fordham","La Salle",4,3,0,1,-4.5,400989875,2018-02-24
163,2,"17:22",1042,1042,"Official TV Timeout",22,45,-23,0.0103284771526502,"Fordham","La Salle",4,3,0,1,-4.5,400989875,2018-02-24
164,2,"17:17",1037,1037,"Pookie Powell made Layup. Assisted by Tony Washington.",22,47,-25,0.00717412909258129,"Fordham","La Salle",4,3,0,1,-4.5,400989875,2018-02-24
165,2,"17:04",1024,1024,"Cavit Havsa made Jumper.",24,47,-23,0.00923230427559341,"Fordham","La Salle",4,3,0,1,-4.5,400989875,2018-02-24
166,2,"16:46",1006,1006,"Saul Phiri missed Layup.",24,47,-23,0.00730369942751806,"Fordham","La Salle",4,3,0,1,-4.5,400989875,2018-02-24
167,2,"16:46",1006,1006,"Tony Washington Offensive Rebound.",24,47,-23,0.00730369942751806,"Fordham","La Salle",4,3,0,1,-4.5,400989875,2018-02-24
168,2,"16:44",1004,1004,"Tony Washington missed Layup.",24,47,-23,0.00730369942751806,"Fordham","La Salle",4,3,0,1,-4.5,400989875,2018-02-24
169,2,"16:44",1004,1004,"Tony Washington Offensive Rebound.",24,47,-23,0.00730369942751806,"Fordham","La Salle",4,3,0,1,-4.5,400989875,2018-02-24
170,2,"16:42",1002,1002,"Tony Washington made Layup.",24,49,-25,0.0050443182227815,"Fordham","La Salle",4,3,0,1,-4.5,400989875,2018-02-24
171,2,"16:30",990,990,"Foul on Saul Phiri.",24,49,-25,0.00598920295638194,"Fordham","La Salle",4,3,0,1,-4.5,400989875,2018-02-24
172,2,"16:29",989,989,"Prokop Slanina made Jumper. Assisted by Ivan Raut.",26,49,-23,0.00642327236642346,"Fordham","La Salle",4,3,0,1,-4.5,400989875,2018-02-24
173,2,"15:55",955,955,"B.J. Johnson missed Layup.",26,49,-23,0.00611446795424956,"Fordham","La Salle",4,3,0,0,-4.5,400989875,2018-02-24
174,2,"15:55",955,955,"Ivan Raut Defensive Rebound.",26,49,-23,0.00611446795424956,"Fordham","La Salle",4,3,0,0,-4.5,400989875,2018-02-24
175,2,"15:45",945,945,"Prokop Slanina made Three Point Jumper. Assisted by Cavit Havsa.",29,49,-20,0.0127127081162528,"Fordham","La Salle",4,3,0,0,-4.5,400989875,2018-02-24
176,2,"15:22",922,922,"Johnnie Shuler missed Three Point Jumper.",29,49,-20,0.0108392376126801,"Fordham","La Salle",4,3,0,0,-4.5,400989875,2018-02-24
177,2,"15:22",922,922,"Ivan Raut Defensive Rebound.",29,49,-20,0.0108392376126801,"Fordham","La Salle",4,3,0,0,-4.5,400989875,2018-02-24
178,2,"14:55",895,895,"Will Tavares Turnover.",29,49,-20,0.0123467008785662,"Fordham","La Salle",4,3,0,0,-4.5,400989875,2018-02-24
179,2,"14:55",895,895,"Official TV Timeout",29,49,-20,0.0123467008785662,"Fordham","La Salle",4,3,0,0,-4.5,400989875,2018-02-24
180,2,"14:44",884,884,"B.J. Johnson made Dunk. Assisted by Miles Brookins.",29,51,-22,0.0121910152201478,"Fordham","La Salle",4,3,0,0,-4.5,400989875,2018-02-24
181,2,"14:27",867,867,"Prokop Slanina made Layup. Assisted by Joseph Chartouny.",31,51,-20,0.011518387474712,"Fordham","La Salle",4,3,1,0,-4.5,400989875,2018-02-24
182,2,"14:27",867,867,"Fordham  Timeout",31,51,-20,0.011518387474712,"Fordham","La Salle",3,3,1,0,-4.5,400989875,2018-02-24
183,2,"14:11",851,851,"Pookie Powell missed Three Point Jumper.",31,51,-20,0.0102817685556439,"Fordham","La Salle",3,3,1,0,-4.5,400989875,2018-02-24
184,2,"14:11",851,851,"Will Tavares Defensive Rebound.",31,51,-20,0.0102817685556439,"Fordham","La Salle",3,3,1,0,-4.5,400989875,2018-02-24
185,2,"13:46",826,826,"Prokop Slanina Turnover.",31,51,-20,0.0127827227422531,"Fordham","La Salle",3,3,1,0,-4.5,400989875,2018-02-24
186,2,"13:45",825,825,"Johnnie Shuler Steal.",31,51,-20,0.0127827227422531,"Fordham","La Salle",3,3,1,0,-4.5,400989875,2018-02-24
187,2,"13:35",815,815,"B.J. Johnson made Jumper. Assisted by Amar Stukes.",31,53,-22,0.00672743193830862,"Fordham","La Salle",3,3,1,0,-4.5,400989875,2018-02-24
188,2,"13:17",797,797,"Prokop Slanina made Layup. Assisted by Joseph Chartouny.",33,53,-20,0.00693506775163868,"Fordham","La Salle",3,3,0,0,-4.5,400989875,2018-02-24
189,2,"12:56",776,776,"Pookie Powell Turnover.",33,53,-20,0.00870036746875512,"Fordham","La Salle",3,3,0,0,-4.5,400989875,2018-02-24
190,2,"12:55",775,775,"Prokop Slanina Steal.",33,53,-20,0.00870036746875512,"Fordham","La Salle",3,3,0,0,-4.5,400989875,2018-02-24
191,2,"12:42",762,762,"Will Tavares made Three Point Jumper. Assisted by Cavit Havsa.",36,53,-17,0.0152301115425492,"Fordham","La Salle",3,3,0,0,-4.5,400989875,2018-02-24
192,2,"12:33",753,753,"La Salle  Timeout",36,53,-17,0.0138973963952398,"Fordham","La Salle",3,2,0,1,-4.5,400989875,2018-02-24
193,2,"12:12",732,732,"Amar Stukes missed Layup.",36,53,-17,0.0174102823987668,"Fordham","La Salle",3,2,0,1,-4.5,400989875,2018-02-24
194,2,"12:12",732,732,"Cavit Havsa Defensive Rebound.",36,53,-17,0.0174102823987668,"Fordham","La Salle",3,2,0,1,-4.5,400989875,2018-02-24
195,2,"12:05",725,725,"Cavit Havsa missed Layup.",36,53,-17,0.0156856267813402,"Fordham","La Salle",3,2,0,1,-4.5,400989875,2018-02-24
196,2,"12:05",725,725,"B.J. Johnson Block.",36,53,-17,0.0156856267813402,"Fordham","La Salle",3,2,0,1,-4.5,400989875,2018-02-24
197,2,"12:04",724,724,"Saul Phiri Defensive Rebound.",36,53,-17,0.0156856267813402,"Fordham","La Salle",3,2,0,1,-4.5,400989875,2018-02-24
198,2,"11:44",704,704,"Foul on Prokop Slanina.",36,53,-17,0.0178486188207699,"Fordham","La Salle",3,2,0,1,-4.5,400989875,2018-02-24
199,2,"11:44",704,704,"Official TV Timeout",36,53,-17,0.0178486188207699,"Fordham","La Salle",3,2,0,1,-4.5,400989875,2018-02-24
200,2,"11:29",689,689,"Will Tavares made Free Throw.",38,53,-15,0.0196922736627852,"Fordham","La Salle",3,2,0,0,-4.5,400989875,2018-02-24
201,2,"11:29",689,689,"Will Tavares made Free Throw.",37,53,-16,0.0158097543239872,"Fordham","La Salle",3,2,0,0,-4.5,400989875,2018-02-24
202,2,"11:29",689,689,"Foul on Amar Stukes.",37,53,-16,0.0158097543239872,"Fordham","La Salle",3,2,0,0,-4.5,400989875,2018-02-24
203,2,"11:28",688,688,"Amar Stukes Turnover.",38,53,-15,0.0196922736627852,"Fordham","La Salle",3,2,0,0,-4.5,400989875,2018-02-24
204,2,"11:26",686,686,"Will Tavares Steal.",38,53,-15,0.0196922736627852,"Fordham","La Salle",3,2,0,0,-4.5,400989875,2018-02-24
205,2,"11:10",670,670,"B.J. Johnson made Jumper. Assisted by Pookie Powell.",38,55,-17,0.0108772373299964,"Fordham","La Salle",3,2,0,0,-4.5,400989875,2018-02-24
206,2,"10:42",642,642,"Joseph Chartouny made Three Point Jumper.",41,55,-14,0.0220105737257498,"Fordham","La Salle",3,2,0,0,-4.5,400989875,2018-02-24
207,2,"10:26",626,626,"B.J. Johnson missed Three Point Jumper.",41,55,-14,0.0167528687014894,"Fordham","La Salle",3,2,0,0,-4.5,400989875,2018-02-24
208,2,"10:26",626,626,"Ivan Raut Defensive Rebound.",41,55,-14,0.0167528687014894,"Fordham","La Salle",3,2,0,0,-4.5,400989875,2018-02-24
209,2,"10:16",616,616,"Foul on Saul Phiri.",41,55,-14,0.0173826323733498,"Fordham","La Salle",3,2,0,0,-4.5,400989875,2018-02-24
210,2,"10:07",607,607,"Joseph Chartouny missed Three Point Jumper.",41,55,-14,0.0197363637756597,"Fordham","La Salle",3,2,0,0,-4.5,400989875,2018-02-24
211,2,"10:07",607,607,"Pookie Powell Defensive Rebound.",41,55,-14,0.0197363637756597,"Fordham","La Salle",3,2,0,0,-4.5,400989875,2018-02-24
212,2,"9:50",590,590,"Pookie Powell made Three Point Jumper. Assisted by B.J. Johnson.",41,58,-17,0.0106998327130638,"Fordham","La Salle",3,2,0,0,-4.5,400989875,2018-02-24
213,2,"9:24",564,564,"Prokop Slanina made Jumper.",43,58,-15,0.0127706943843968,"Fordham","La Salle",3,2,0,0,-4.5,400989875,2018-02-24
214,2,"9:23",563,563,"Fordham  Timeout",43,58,-15,0.0127706943843968,"Fordham","La Salle",2,2,1,0,-4.5,400989875,2018-02-24
215,2,"8:50",530,530,"Will Tavares made Layup.",45,58,-13,0.0179639175847683,"Fordham","La Salle",2,2,1,0,-4.5,400989875,2018-02-24
216,2,"8:49",529,529,"Jamir Moultrie missed Three Point Jumper.",45,58,-13,0.0210699212325126,"Fordham","La Salle",2,2,1,0,-4.5,400989875,2018-02-24
217,2,"8:49",529,529,"Prokop Slanina Defensive Rebound.",45,58,-13,0.0210699212325126,"Fordham","La Salle",2,2,1,0,-4.5,400989875,2018-02-24
218,2,"8:36",516,516,"Amar Stukes made Jumper. Assisted by Pookie Powell.",45,60,-15,0.011515579066367,"Fordham","La Salle",2,2,1,0,-4.5,400989875,2018-02-24
219,2,"8:17",497,497,"Prokop Slanina made Layup. Assisted by Joseph Chartouny.",47,60,-13,0.0217330332302789,"Fordham","La Salle",2,2,0,0,-4.5,400989875,2018-02-24
220,2,"8:00",480,480,"Amar Stukes missed Jumper.",47,60,-13,0.0185369933222653,"Fordham","La Salle",2,2,0,0,-4.5,400989875,2018-02-24
221,2,"8:00",480,480,"Will Tavares Defensive Rebound.",47,60,-13,0.0185369933222653,"Fordham","La Salle",2,2,0,0,-4.5,400989875,2018-02-24
222,2,"7:36",456,456,"Prokop Slanina missed Three Point Jumper.",47,60,-13,0.0107511387870283,"Fordham","La Salle",2,2,0,0,-4.5,400989875,2018-02-24
223,2,"7:36",456,456,"B.J. Johnson Defensive Rebound.",47,60,-13,0.0107511387870283,"Fordham","La Salle",2,2,0,0,-4.5,400989875,2018-02-24
224,2,"7:08",428,428,"Pookie Powell Turnover.",47,60,-13,0.0133214594151239,"Fordham","La Salle",2,2,0,0,-4.5,400989875,2018-02-24
225,2,"7:06",426,426,"Joseph Chartouny Steal.",47,60,-13,0.0133214594151239,"Fordham","La Salle",2,2,0,0,-4.5,400989875,2018-02-24
226,2,"7:02",422,422,"Will Tavares made Layup. Assisted by Joseph Chartouny.",49,60,-11,0.0238830228278851,"Fordham","La Salle",2,2,0,0,-4.5,400989875,2018-02-24
227,2,"6:34",394,394,"B.J. Johnson Turnover.",49,60,-11,0.0230208356107583,"Fordham","La Salle",2,2,0,0,-4.5,400989875,2018-02-24
228,2,"6:34",394,394,"Joseph Chartouny Steal.",49,60,-11,0.0230208356107583,"Fordham","La Salle",2,2,0,0,-4.5,400989875,2018-02-24
229,2,"6:28",388,388,"Will Tavares missed Three Point Jumper.",49,60,-11,0.0237954150766879,"Fordham","La Salle",2,2,0,0,-4.5,400989875,2018-02-24
230,2,"6:28",388,388,"B.J. Johnson Defensive Rebound.",49,60,-11,0.0237954150766879,"Fordham","La Salle",2,2,0,0,-4.5,400989875,2018-02-24
231,2,"6:10",370,370,"Tony Washington Turnover.",49,60,-11,0.0202761275437801,"Fordham","La Salle",2,2,0,0,-4.5,400989875,2018-02-24
232,2,"6:08",368,368,"Joseph Chartouny Steal.",49,60,-11,0.019976271231992,"Fordham","La Salle",2,2,0,0,-4.5,400989875,2018-02-24
233,2,"6:04",364,364,"Will Tavares made Layup. Assisted by Prokop Slanina.",51,60,-9,0.037421746267511,"Fordham","La Salle",2,2,0,0,-4.5,400989875,2018-02-24
234,2,"5:35",335,335,"Pookie Powell made Three Point Jumper.",51,63,-12,0.0104127958175884,"Fordham","La Salle",2,2,0,0,-4.5,400989875,2018-02-24
235,2,"5:14",314,314,"Ivan Raut made Layup.",53,63,-10,0.0188148453221307,"Fordham","La Salle",2,2,0,0,-4.5,400989875,2018-02-24
236,2,"4:54",294,294,"Foul on Will Tavares.",53,63,-10,0.0198537284314507,"Fordham","La Salle",2,2,0,0,-4.5,400989875,2018-02-24
237,2,"4:54",294,294,"Official TV Timeout",53,63,-10,0.0198537284314507,"Fordham","La Salle",2,2,0,0,-4.5,400989875,2018-02-24
238,2,"4:38",278,278,"Saul Phiri missed Three Point Jumper.",53,63,-10,0.0126556665158753,"Fordham","La Salle",2,2,0,0,-4.5,400989875,2018-02-24
239,2,"4:38",278,278,"Fordham Defensive Rebound.",53,63,-10,0.0126556665158753,"Fordham","La Salle",2,2,0,0,-4.5,400989875,2018-02-24
240,2,"4:12",252,252,"Ivan Raut missed Layup.",53,63,-10,0.0116880127424752,"Fordham","La Salle",2,2,0,0,-4.5,400989875,2018-02-24
241,2,"4:12",252,252,"B.J. Johnson Block.",53,63,-10,0.0116880127424752,"Fordham","La Salle",2,2,0,0,-4.5,400989875,2018-02-24
242,2,"4:10",250,250,"Fordham Offensive Rebound.",53,63,-10,0.0116880127424752,"Fordham","La Salle",2,2,0,0,-4.5,400989875,2018-02-24
243,2,"4:06",246,246,"Perris Hicks missed Three Point Jumper.",53,63,-10,0.0123441556304627,"Fordham","La Salle",2,2,0,0,-4.5,400989875,2018-02-24
244,2,"4:06",246,246,"B.J. Johnson Defensive Rebound.",53,63,-10,0.0123441556304627,"Fordham","La Salle",2,2,0,0,-4.5,400989875,2018-02-24
245,2,"3:39",219,219,"Foul on Will Tavares.",53,63,-10,0.00832660930517026,"Fordham","La Salle",2,2,0,0,-4.5,400989875,2018-02-24
246,2,"3:39",219,219,"Official TV Timeout",53,63,-10,0.00832660930517026,"Fordham","La Salle",2,2,0,0,-4.5,400989875,2018-02-24
247,2,"3:39",219,219,"B.J. Johnson made Free Throw.",53,64,-11,0.00538233740557163,"Fordham","La Salle",2,2,0,0,-4.5,400989875,2018-02-24
248,2,"3:39",219,219,"B.J. Johnson made Free Throw.",53,65,-12,0.00347550529547891,"Fordham","La Salle",2,2,0,0,-4.5,400989875,2018-02-24
249,2,"3:31",211,211,"Foul on B.J. Johnson.",53,65,-12,0.00347550529547891,"Fordham","La Salle",2,2,0,0,-4.5,400989875,2018-02-24
250,2,"3:21",201,201,"Ivan Raut missed Jumper.",53,65,-12,0.00321367039908607,"Fordham","La Salle",2,2,0,0,-4.5,400989875,2018-02-24
251,2,"3:21",201,201,"Saul Phiri Defensive Rebound.",53,65,-12,0.00321367039908607,"Fordham","La Salle",2,2,0,0,-4.5,400989875,2018-02-24
252,2,"2:56",176,176,"Johnnie Shuler Turnover.",53,65,-12,0.00227630657150854,"Fordham","La Salle",2,2,0,0,-4.5,400989875,2018-02-24
253,2,"2:25",145,145,"Cavit Havsa Turnover.",53,65,-12,0.00116201881687386,"Fordham","La Salle",2,2,0,0,-4.5,400989875,2018-02-24
254,2,"2:23",143,143,"Johnnie Shuler Steal.",53,65,-12,0.00116201881687386,"Fordham","La Salle",2,2,0,0,-4.5,400989875,2018-02-24
255,2,"2:08",128,128,"Saul Phiri missed Jumper.",53,65,-12,0.000766966400151491,"Fordham","La Salle",2,2,0,0,-4.5,400989875,2018-02-24
256,2,"2:08",128,128,"B.J. Johnson Offensive Rebound.",53,65,-12,0.000766966400151491,"Fordham","La Salle",2,2,0,0,-4.5,400989875,2018-02-24
257,2,"2:05",125,125,"B.J. Johnson made Layup.",53,67,-14,0.00024713713777208,"Fordham","La Salle",2,2,0,0,-4.5,400989875,2018-02-24
258,2,"1:47",107,107,"Will Tavares missed Jumper.",53,67,-14,0.000112313581321856,"Fordham","La Salle",2,2,0,0,-4.5,400989875,2018-02-24
259,2,"1:47",107,107,"Will Tavares Offensive Rebound.",53,67,-14,0.000112313581321856,"Fordham","La Salle",2,2,0,0,-4.5,400989875,2018-02-24
260,2,"1:45",105,105,"Will Tavares made Layup.",55,67,-12,0.000387280180065746,"Fordham","La Salle",2,2,0,0,-4.5,400989875,2018-02-24
261,2,"1:43",103,103,"Fordham  Timeout",55,67,-12,0.000387280180065746,"Fordham","La Salle",1,2,1,0,-4.5,400989875,2018-02-24
262,2,"1:36",96,96,"B.J. Johnson made Dunk. Assisted by Amar Stukes.",55,69,-14,0.00012574495894376,"Fordham","La Salle",1,2,1,0,-4.5,400989875,2018-02-24
263,2,"1:26",86,86,"Joseph Chartouny Turnover.",55,69,-14,3.93199229732901e-05,"Fordham","La Salle",1,2,1,0,-4.5,400989875,2018-02-24
264,2,"1:13",73,73,"Foul on Prokop Slanina.",55,69,-14,2.3561599160711e-05,"Fordham","La Salle",1,2,1,0,-4.5,400989875,2018-02-24
265,2,"1:04",64,64,"Foul on Joseph Chartouny.",55,69,-14,2.37179977088499e-05,"Fordham","La Salle",1,2,1,0,-4.5,400989875,2018-02-24
266,2,"1:04",64,64,"B.J. Johnson made Free Throw.",55,70,-15,1.12909437930492e-05,"Fordham","La Salle",1,2,1,0,-4.5,400989875,2018-02-24
267,2,"1:04",64,64,"B.J. Johnson made Free Throw.",55,71,-16,5.3750145020918e-06,"Fordham","La Salle",1,2,1,0,-4.5,400989875,2018-02-24
268,2,"0:53",53,53,"Joseph Chartouny missed Three Point Jumper.",55,71,-16,1.79935650899469e-06,"Fordham","La Salle",1,2,1,0,-4.5,400989875,2018-02-24
269,2,"0:53",53,53,"Chris Kuhar Defensive Rebound.",55,71,-16,1.79935650899469e-06,"Fordham","La Salle",1,2,1,0,-4.5,400989875,2018-02-24
270,2,"0:47",47,47,"Chris Kuhar Turnover.",55,71,-16,4.63654140342331e-08,"Fordham","La Salle",1,2,1,0,-4.5,400989875,2018-02-24
271,2,"0:42",42,42,"Foul on Miles Brookins.",55,71,-16,4.76591057905836e-07,"Fordham","La Salle",1,2,0,0,-4.5,400989875,2018-02-24
272,2,"0:42",42,42,"Perris Hicks made Free Throw.",56,71,-15,1.17596130039424e-06,"Fordham","La Salle",1,2,0,0,-4.5,400989875,2018-02-24
273,2,"0:42",42,42,"Perris Hicks made Free Throw.",57,71,-14,2.90161457679596e-06,"Fordham","La Salle",1,2,0,0,-4.5,400989875,2018-02-24
274,2,"0:29",29,29,"Dajour Joseph made Dunk.",57,73,-16,5.15330077020952e-08,"Fordham","La Salle",1,2,0,0,-4.5,400989875,2018-02-24
275,2,"0:22",22,22,"Will Tavares missed Three Point Jumper.",57,73,-16,8.8446574889789e-10,"Fordham","La Salle",1,2,0,0,-4.5,400989875,2018-02-24
276,2,"0:22",22,22,"Chris Downing Offensive Rebound.",57,73,-16,8.8446574889789e-10,"Fordham","La Salle",1,2,0,0,-4.5,400989875,2018-02-24
277,2,"0:18",18,18,"Chris Downing made Jumper.",59,73,-14,2.29945111040625e-07,"Fordham","La Salle",1,2,0,0,-4.5,400989875,2018-02-24
278,2,"0:18",18,18,"Foul on Dajour Joseph.",59,73,-14,2.29945111040625e-07,"Fordham","La Salle",1,2,0,0,-4.5,400989875,2018-02-24
279,2,"0:18",18,18,"Chris Downing made Free Throw.",60,73,-13,6.67059391175361e-07,"Fordham","La Salle",1,2,0,0,-4.5,400989875,2018-02-24
280,2,"0:00",0,0,"End of Game",60,73,-13,5.67569534532056e-110,"Fordham","La Salle",1,2,0,0,-4.5,400989875,2018-02-24
